
     1  2.0000E+07  0.000E+00  0.000E+00  7.478E-04  7.478E-04
     2  1.7330E+07  1.153E-07  1.153E-07  1.146E-03  1.146E-03
     3  1.5680E+07  7.759E-07  7.759E-07  1.541E-03  1.541E-03
     4  1.4550E+07  1.597E-06  1.597E-06  2.249E-03  2.249E-03
     5  1.3840E+07  3.056E-06  3.056E-06  1.479E-03  1.479E-03
     6  1.2840E+07  1.596E-05  1.596E-05  4.369E-04  4.369E-04
     7  1.0000E+07  6.343E-05  6.343E-05  5.407E-04  5.407E-04
     8  8.1870E+06  2.259E-04  2.259E-04  4.997E-04  4.997E-04
     9  6.4340E+06  6.189E-04  6.189E-04  4.237E-04  4.237E-04
    10  4.8000E+06  1.000E-03  1.000E-03  1.145E-03  1.145E-03
    11  4.3040E+06  1.274E-03  1.274E-03  3.466E-04  3.466E-04
    12  3.0000E+06  2.129E-03  2.129E-03  6.525E-04  6.525E-04
    13  2.4790E+06  2.754E-03  2.754E-03  2.403E-03  2.403E-03
    14  2.3540E+06  3.342E-03  3.342E-03  5.162E-04  5.162E-04
    15  1.8500E+06  3.905E-03  3.905E-03  5.931E-04  5.931E-04
    16  1.5000E+06  4.060E-03  4.060E-03  1.803E-03  1.803E-03
    17  1.4000E+06  4.024E-03  4.024E-03  3.896E-03  3.896E-03
    18  1.3560E+06  4.015E-03  4.015E-03  4.263E-03  4.263E-03
    19  1.3170E+06  3.979E-03  3.979E-03  2.383E-03  2.383E-03
    20  1.2500E+06  3.978E-03  3.978E-03  3.048E-03  3.048E-03
    21  1.2000E+06  4.073E-03  4.073E-03  1.430E-03  1.430E-03
    22  1.1000E+06  4.118E-03  4.118E-03  1.458E-03  1.458E-03
    23  1.0100E+06  4.074E-03  4.074E-03  1.333E-03  1.333E-03
    24  9.2000E+05  4.045E-03  4.045E-03  5.663E-03  5.663E-03
    25  9.0000E+05  4.073E-03  4.073E-03  4.418E-03  4.418E-03
    26  8.7500E+05  4.062E-03  4.062E-03  7.773E-03  7.773E-03
    27  8.6110E+05  4.068E-03  4.068E-03  2.545E-03  2.545E-03
    28  8.2000E+05  4.082E-03  4.082E-03  1.395E-03  1.395E-03
    29  7.5000E+05  4.074E-03  4.074E-03  1.252E-03  1.252E-03
    30  6.7900E+05  4.038E-03  4.038E-03  9.332E-03  9.332E-03
    31  6.7000E+05  3.934E-03  3.934E-03  1.128E-03  1.128E-03
    32  6.0000E+05  3.898E-03  3.898E-03  2.705E-03  2.705E-03
    33  5.7300E+05  3.914E-03  3.914E-03  3.040E-03  3.040E-03
    34  5.5000E+05  3.814E-03  3.814E-03  1.118E-03  1.118E-03
    35  4.9200E+05  3.807E-03  3.807E-03  2.723E-03  2.723E-03
    36  4.7000E+05  3.688E-03  3.688E-03  1.889E-03  1.889E-03
    37  4.4000E+05  3.519E-03  3.519E-03  2.678E-03  2.678E-03
    38  4.2000E+05  3.506E-03  3.506E-03  2.553E-03  2.553E-03
    39  4.0000E+05  3.378E-03  3.378E-03  6.477E-04  6.477E-04
    40  3.3000E+05  3.122E-03  3.122E-03  6.210E-04  6.210E-04
    41  2.7000E+05  3.095E-03  3.095E-03  4.153E-04  4.153E-04
    42  2.0000E+05  3.272E-03  3.272E-03  4.235E-04  4.235E-04
    43  1.4900E+05  3.287E-03  3.287E-03  8.336E-04  8.336E-04
    44  1.2830E+05  3.128E-03  3.128E-03  5.004E-04  5.004E-04
    45  1.0000E+05  3.080E-03  3.080E-03  7.676E-04  7.676E-04
    46  8.5000E+04  3.422E-03  3.422E-03  3.472E-03  3.472E-03
    47  8.2000E+04  3.399E-03  3.399E-03  1.398E-03  1.398E-03
    48  7.5000E+04  3.327E-03  3.327E-03  4.617E-03  4.617E-03
    49  7.3000E+04  3.301E-03  3.301E-03  6.364E-04  6.364E-04
    50  6.0000E+04  3.254E-03  3.254E-03  8.724E-04  8.724E-04
    51  5.2000E+04  3.069E-03  3.069E-03  3.184E-03  3.184E-03
    52  5.0000E+04  2.985E-03  2.985E-03  1.185E-03  1.185E-03
    53  4.5000E+04  3.220E-03  3.220E-03  3.081E-04  3.081E-04
    54  3.0000E+04  3.176E-03  3.176E-03  3.084E-04  3.084E-04
    55  2.0000E+04  3.174E-03  3.174E-03  7.703E-04  7.703E-04
    56  1.7000E+04  3.154E-03  3.154E-03  4.670E-04  4.670E-04
    57  1.3000E+04  3.141E-03  3.141E-03  3.997E-04  3.997E-04
    58  9.5000E+03  3.133E-03  3.133E-03  7.466E-04  7.466E-04
    59  8.0300E+03  3.123E-03  3.123E-03  3.665E-04  3.665E-04
    60  5.7000E+03  3.111E-03  3.111E-03  3.315E-04  3.315E-04
    61  3.9000E+03  3.108E-03  3.108E-03  3.009E-03  3.009E-03
    62  3.7400E+03  3.100E-03  3.100E-03  5.718E-04  5.718E-04
    63  3.0000E+03  3.091E-03  3.091E-03  6.922E-04  6.922E-04
    64  2.5000E+03  3.091E-03  3.091E-03  1.199E-03  1.199E-03
    65  2.2500E+03  3.082E-03  3.082E-03  5.624E-03  5.624E-03
    66  2.2000E+03  3.080E-03  3.080E-03  6.302E-04  6.302E-04
    67  1.8000E+03  3.076E-03  3.076E-03  8.470E-04  8.470E-04
    68  1.5500E+03  3.067E-03  3.067E-03  3.864E-03  3.864E-03
    69  1.5000E+03  3.066E-03  3.066E-03  4.775E-04  4.775E-04
    70  1.1500E+03  3.057E-03  3.057E-03  6.653E-04  6.653E-04
    71  9.5000E+02  3.045E-03  3.045E-03  3.860E-04  3.860E-04
    72  6.8300E+02  3.007E-03  3.007E-03  6.635E-03  6.635E-03
    73  6.7000E+02  3.036E-03  3.036E-03  6.475E-04  6.475E-04
    74  5.5000E+02  3.011E-03  3.011E-03  2.173E-04  2.173E-04
    75  3.0500E+02  2.978E-03  2.978E-03  1.902E-03  1.902E-03
    76  2.8500E+02  2.981E-03  2.981E-03  7.528E-04  7.528E-04
    77  2.4000E+02  2.955E-03  2.955E-03  1.490E-03  1.490E-03
    78  2.2000E+02  2.989E-03  2.989E-03  2.667E-03  2.667E-03
    79  2.0950E+02  2.970E-03  2.970E-03  1.295E-02  1.295E-02
    80  2.0740E+02  2.969E-03  2.969E-03  4.945E-03  4.945E-03
    81  2.0200E+02  2.922E-03  2.922E-03  2.837E-03  2.837E-03
    82  1.9300E+02  2.808E-03  2.808E-03  1.618E-02  1.618E-02
    83  1.9150E+02  2.992E-03  2.992E-03  8.293E-03  8.293E-03
    84  1.8850E+02  2.955E-03  2.955E-03  3.079E-02  3.079E-02
    85  1.8770E+02  2.959E-03  2.959E-03  3.126E-03  3.126E-03
    86  1.8000E+02  2.899E-03  2.899E-03  2.280E-03  2.280E-03
    87  1.7000E+02  2.953E-03  2.953E-03  7.574E-04  7.574E-04
    88  1.4300E+02  2.929E-03  2.929E-03  8.269E-04  8.269E-04
    89  1.2200E+02  2.819E-03  2.819E-03  5.151E-03  5.151E-03
    90  1.1900E+02  2.939E-03  2.939E-03  1.044E-02  1.044E-02
    91  1.1750E+02  2.921E-03  2.921E-03  1.030E-02  1.030E-02
    92  1.1600E+02  2.842E-03  2.842E-03  4.980E-03  4.980E-03
    93  1.1300E+02  2.895E-03  2.895E-03  2.909E-03  2.909E-03
    94  1.0800E+02  2.905E-03  2.905E-03  4.715E-03  4.715E-03
    95  1.0500E+02  2.906E-03  2.906E-03  3.602E-03  3.602E-03
    96  1.0120E+02  2.900E-03  2.900E-03  3.132E-03  3.132E-03
    97  9.7000E+01  2.899E-03  2.899E-03  1.770E-03  1.770E-03
    98  9.0000E+01  2.898E-03  2.898E-03  1.372E-03  1.372E-03
    99  8.1700E+01  2.898E-03  2.898E-03  6.313E-03  6.313E-03
   100  8.0000E+01  2.897E-03  2.897E-03  2.592E-03  2.592E-03
   101  7.6000E+01  2.889E-03  2.889E-03  2.463E-03  2.463E-03
   102  7.2000E+01  2.807E-03  2.807E-03  2.023E-03  2.023E-03
   103  6.7500E+01  2.871E-03  2.871E-03  3.552E-03  3.552E-03
   104  6.5000E+01  2.868E-03  2.868E-03  4.296E-03  4.296E-03
   105  6.3000E+01  2.866E-03  2.866E-03  4.163E-03  4.163E-03
   106  6.1000E+01  2.776E-03  2.776E-03  2.607E-03  2.607E-03
   107  5.8000E+01  2.843E-03  2.843E-03  1.634E-03  1.634E-03
   108  5.3400E+01  2.841E-03  2.841E-03  2.504E-03  2.504E-03
   109  5.0600E+01  2.837E-03  2.837E-03  2.900E-03  2.900E-03
   110  4.8300E+01  2.839E-03  2.839E-03  2.033E-03  2.033E-03
   111  4.5200E+01  2.838E-03  2.838E-03  5.012E-03  5.012E-03
   112  4.4000E+01  2.835E-03  2.835E-03  3.640E-03  3.640E-03
   113  4.2400E+01  2.838E-03  2.838E-03  4.015E-03  4.015E-03
   114  4.1000E+01  2.836E-03  2.836E-03  3.881E-03  3.881E-03
   115  3.9600E+01  2.836E-03  2.836E-03  1.061E-02  1.061E-02
   116  3.9100E+01  2.837E-03  2.837E-03  4.723E-03  4.723E-03
   117  3.8000E+01  2.836E-03  2.836E-03  1.378E-02  1.378E-02
   118  3.7630E+01  2.835E-03  2.835E-03  1.403E-02  1.403E-02
   119  3.7270E+01  2.836E-03  2.836E-03  3.583E-02  3.583E-02
   120  3.7130E+01  2.836E-03  2.836E-03  3.844E-02  3.844E-02
   121  3.7000E+01  2.834E-03  2.834E-03  4.924E-03  4.924E-03
   122  3.6000E+01  2.834E-03  2.834E-03  9.649E-03  9.649E-03
   123  3.5500E+01  2.834E-03  2.834E-03  9.517E-03  9.517E-03
   124  3.5000E+01  2.831E-03  2.831E-03  3.711E-03  3.711E-03
   125  3.3750E+01  2.832E-03  2.832E-03  9.032E-03  9.032E-03
   126  3.3250E+01  2.831E-03  2.831E-03  2.917E-03  2.917E-03
   127  3.1750E+01  2.831E-03  2.831E-03  8.475E-03  8.475E-03
   128  3.1250E+01  2.831E-03  2.831E-03  3.292E-03  3.292E-03
   129  3.0000E+01  2.828E-03  2.828E-03  1.548E-03  1.548E-03
   130  2.7500E+01  2.824E-03  2.824E-03  1.423E-03  1.423E-03
   131  2.5000E+01  2.692E-03  2.692E-03  1.261E-03  1.261E-03
   132  2.2500E+01  2.578E-03  2.578E-03  3.901E-03  3.901E-03
   133  2.1750E+01  2.588E-03  2.588E-03  5.210E-03  5.210E-03
   134  2.1200E+01  2.714E-03  2.714E-03  4.164E-03  4.164E-03
   135  2.0500E+01  2.712E-03  2.712E-03  5.667E-03  5.667E-03
   136  2.0000E+01  2.709E-03  2.709E-03  4.594E-03  4.594E-03
   137  1.9400E+01  2.693E-03  2.693E-03  2.949E-03  2.949E-03
   138  1.8500E+01  2.694E-03  2.694E-03  1.654E-03  1.654E-03
   139  1.7000E+01  2.685E-03  2.685E-03  2.309E-03  2.309E-03
   140  1.6000E+01  2.688E-03  2.688E-03  1.327E-03  1.327E-03
   141  1.4400E+01  2.686E-03  2.686E-03  1.271E-03  1.271E-03
   142  1.2900E+01  2.677E-03  2.677E-03  1.733E-03  1.733E-03
   143  1.1900E+01  2.682E-03  2.682E-03  4.083E-03  4.083E-03
   144  1.1500E+01  2.668E-03  2.668E-03  9.994E-04  9.994E-04
   145  1.0000E+01  2.669E-03  2.669E-03  1.478E-03  1.478E-03
   146  9.1000E+00  2.669E-03  2.669E-03  1.197E-03  1.197E-03
   147  8.1000E+00  2.667E-03  2.667E-03  1.116E-03  1.116E-03
   148  7.1500E+00  2.659E-03  2.659E-03  6.569E-03  6.569E-03
   149  7.0000E+00  2.638E-03  2.638E-03  7.742E-03  7.742E-03
   150  6.8750E+00  2.620E-03  2.620E-03  7.614E-03  7.614E-03
   151  6.7500E+00  2.640E-03  2.640E-03  3.694E-03  3.694E-03
   152  6.5000E+00  2.650E-03  2.650E-03  3.548E-03  3.548E-03
   153  6.2500E+00  2.649E-03  2.649E-03  3.408E-03  3.408E-03
   154  6.0000E+00  2.646E-03  2.646E-03  1.319E-03  1.319E-03
   155  5.4000E+00  2.643E-03  2.643E-03  1.805E-03  1.805E-03
   156  5.0000E+00  2.809E-03  2.809E-03  2.246E-03  2.246E-03
   157  4.7000E+00  2.911E-03  2.911E-03  1.016E-03  1.016E-03
   158  4.1000E+00  2.841E-03  2.841E-03  1.467E-03  1.467E-03
   159  3.7300E+00  2.626E-03  2.626E-03  2.180E-03  2.180E-03
   160  3.5000E+00  2.655E-03  2.655E-03  1.547E-03  1.547E-03
   161  3.2000E+00  2.740E-03  2.740E-03  4.364E-03  4.364E-03
   162  3.1000E+00  2.892E-03  2.892E-03  4.225E-03  4.225E-03
   163  3.0000E+00  3.007E-03  3.007E-03  1.378E-02  1.378E-02
   164  2.9700E+00  2.831E-03  2.831E-03  4.044E-03  4.044E-03
   165  2.8700E+00  2.781E-03  2.781E-03  3.905E-03  3.905E-03
   166  2.7700E+00  2.788E-03  2.788E-03  3.766E-03  3.766E-03
   167  2.6700E+00  2.794E-03  2.794E-03  3.627E-03  3.627E-03
   168  2.5700E+00  2.798E-03  2.798E-03  3.488E-03  3.488E-03
   169  2.4700E+00  2.793E-03  2.793E-03  3.727E-03  3.727E-03
   170  2.3800E+00  2.766E-03  2.766E-03  4.046E-03  4.046E-03
   171  2.3000E+00  2.762E-03  2.762E-03  3.471E-03  3.471E-03
   172  2.2100E+00  2.788E-03  2.788E-03  3.334E-03  3.334E-03
   173  2.1200E+00  2.803E-03  2.803E-03  2.378E-03  2.378E-03
   174  2.0000E+00  2.829E-03  2.829E-03  4.550E-03  4.550E-03
   175  1.9400E+00  2.821E-03  2.821E-03  3.293E-03  3.293E-03
   176  1.8600E+00  2.816E-03  2.816E-03  2.798E-03  2.798E-03
   177  1.7700E+00  2.831E-03  2.831E-03  2.653E-03  2.653E-03
   178  1.6800E+00  2.860E-03  2.860E-03  2.505E-03  2.505E-03
   179  1.5900E+00  2.883E-03  2.883E-03  2.361E-03  2.361E-03
   180  1.5000E+00  2.900E-03  2.900E-03  4.051E-03  4.051E-03
   181  1.4500E+00  2.913E-03  2.913E-03  3.909E-03  3.909E-03
   182  1.4000E+00  2.927E-03  2.927E-03  3.768E-03  3.768E-03
   183  1.3500E+00  2.942E-03  2.942E-03  3.627E-03  3.627E-03
   184  1.3000E+00  2.961E-03  2.961E-03  3.487E-03  3.487E-03
   185  1.2500E+00  2.977E-03  2.977E-03  6.764E-03  6.764E-03
   186  1.2250E+00  2.990E-03  2.990E-03  6.625E-03  6.625E-03
   187  1.2000E+00  3.004E-03  3.004E-03  6.485E-03  6.485E-03
   188  1.1750E+00  3.020E-03  3.020E-03  6.346E-03  6.346E-03
   189  1.1500E+00  3.031E-03  3.031E-03  1.562E-02  1.562E-02
   190  1.1400E+00  3.038E-03  3.038E-03  1.549E-02  1.549E-02
   191  1.1300E+00  3.044E-03  3.044E-03  1.535E-02  1.535E-02
   192  1.1200E+00  3.052E-03  3.052E-03  1.521E-02  1.521E-02
   193  1.1100E+00  3.059E-03  3.059E-03  1.507E-02  1.507E-02
   194  1.1000E+00  3.067E-03  3.067E-03  1.493E-02  1.493E-02
   195  1.0900E+00  3.075E-03  3.075E-03  1.479E-02  1.479E-02
   196  1.0800E+00  3.084E-03  3.084E-03  1.465E-02  1.465E-02
   197  1.0700E+00  3.093E-03  3.093E-03  1.452E-02  1.452E-02
   198  1.0600E+00  3.102E-03  3.102E-03  1.438E-02  1.438E-02
   199  1.0500E+00  3.112E-03  3.112E-03  1.424E-02  1.424E-02
   200  1.0400E+00  3.123E-03  3.123E-03  1.410E-02  1.410E-02
   201  1.0300E+00  3.134E-03  3.134E-03  1.397E-02  1.397E-02
   202  1.0200E+00  3.146E-03  3.146E-03  1.383E-02  1.383E-02
   203  1.0100E+00  3.158E-03  3.158E-03  1.369E-02  1.369E-02
   204  1.0000E+00  3.183E-03  3.183E-03  5.379E-03  5.379E-03
   205  9.7500E-01  3.222E-03  3.222E-03  5.242E-03  5.242E-03
   206  9.5000E-01  3.267E-03  3.267E-03  5.104E-03  5.104E-03
   207  9.2500E-01  3.319E-03  3.319E-03  4.967E-03  4.967E-03
   208  9.0000E-01  3.412E-03  3.412E-03  2.380E-03  2.380E-03
   209  8.5000E-01  3.571E-03  3.571E-03  2.243E-03  2.243E-03
   210  8.0000E-01  3.792E-03  3.792E-03  2.106E-03  2.106E-03
   211  7.5000E-01  4.113E-03  4.113E-03  1.970E-03  1.970E-03
   212  7.0000E-01  4.568E-03  4.568E-03  1.833E-03  1.833E-03
   213  6.5000E-01  5.018E-03  5.018E-03  3.463E-03  3.463E-03
   214  6.2500E-01  5.402E-03  5.402E-03  3.327E-03  3.327E-03
   215  6.0000E-01  6.119E-03  6.119E-03  1.560E-03  1.560E-03
   216  5.5000E-01  7.378E-03  7.378E-03  1.424E-03  1.424E-03
   217  5.0000E-01  9.083E-03  9.083E-03  1.288E-03  1.288E-03
   218  4.5000E-01  1.132E-02  1.132E-02  1.152E-03  1.152E-03
   219  4.0000E-01  1.335E-02  1.335E-02  2.101E-03  2.101E-03
   220  3.7500E-01  1.494E-02  1.494E-02  1.965E-03  1.965E-03
   221  3.5000E-01  1.665E-02  1.665E-02  1.829E-03  1.829E-03
   222  3.2500E-01  1.843E-02  1.843E-02  1.693E-03  1.693E-03
   223  3.0000E-01  2.025E-02  2.025E-02  1.557E-03  1.557E-03
   224  2.7500E-01  2.200E-02  2.200E-02  1.421E-03  1.421E-03
   225  2.5000E-01  2.352E-02  2.352E-02  1.285E-03  1.285E-03
   226  2.2500E-01  2.467E-02  2.467E-02  1.149E-03  1.149E-03
   227  2.0000E-01  2.521E-02  2.521E-02  1.013E-03  1.013E-03
   228  1.7500E-01  2.489E-02  2.489E-02  8.770E-04  8.770E-04
   229  1.5000E-01  2.342E-02  2.342E-02  7.412E-04  7.412E-04
   230  1.2500E-01  2.087E-02  2.087E-02  6.055E-04  6.055E-04
   231  1.0000E-01  1.836E-02  1.836E-02  1.282E-03  1.282E-03
   232  9.0000E-02  1.644E-02  1.644E-02  1.147E-03  1.147E-03
   233  8.0000E-02  1.423E-02  1.423E-02  1.012E-03  1.012E-03
   234  7.0000E-02  1.190E-02  1.190E-02  8.763E-04  8.763E-04
   235  6.0000E-02  9.477E-03  9.477E-03  7.409E-04  7.409E-04
   236  5.0000E-02  7.049E-03  7.049E-03  6.053E-04  6.053E-04
   237  4.0000E-02  4.693E-03  4.693E-03  4.694E-04  4.694E-04
   238  3.0000E-02  3.186E-03  3.186E-03  7.925E-04  7.925E-04
   239  2.5300E-02  1.317E-03  1.317E-03  1.454E-04  1.454E-04
   240  1.0000E-02  3.755E-04  3.755E-04  4.691E-04  4.691E-04
   241  7.5000E-03  1.973E-04  1.973E-04  3.327E-04  3.327E-04
   242  5.0000E-03  1.052E-04  1.052E-04  6.045E-04  6.045E-04
   243  4.0000E-03  6.426E-05  6.426E-05  4.688E-04  4.688E-04
   244  3.0000E-03  4.022E-05  4.022E-05  7.395E-04  7.395E-04
   245  2.5000E-03  2.702E-05  2.702E-05  6.041E-04  6.041E-04
   246  2.0000E-03  1.587E-05  1.587E-05  4.686E-04  4.686E-04
   247  1.5000E-03  8.153E-06  8.153E-06  6.043E-04  6.043E-04
   248  1.2000E-03  4.710E-06  4.710E-06  7.399E-04  7.399E-04
   249  1.0000E-03  2.529E-06  2.529E-06  4.691E-04  4.691E-04
   250  7.5000E-04  1.036E-06  1.036E-06  3.331E-04  3.331E-04
   251  5.0000E-04  8.735E-08  8.735E-08  8.418E-05  8.418E-05
   252  1.0000E-04  2.016E-10  2.016E-10  5.946E-05  5.946E-05


     1  2.0000E+07  0.000E+00  0.000E+00  7.491E-04  7.491E-04
     2  1.7330E+07  1.148E-07  1.148E-07  1.148E-03  1.148E-03
     3  1.5680E+07  7.726E-07  7.726E-07  1.544E-03  1.544E-03
     4  1.4550E+07  1.590E-06  1.590E-06  2.253E-03  2.253E-03
     5  1.3840E+07  3.043E-06  3.043E-06  1.481E-03  1.481E-03
     6  1.2840E+07  1.589E-05  1.589E-05  4.376E-04  4.376E-04
     7  1.0000E+07  6.317E-05  6.317E-05  5.415E-04  5.415E-04
     8  8.1870E+06  2.250E-04  2.250E-04  5.003E-04  5.003E-04
     9  6.4340E+06  6.163E-04  6.163E-04  4.240E-04  4.240E-04
    10  4.8000E+06  9.960E-04  9.960E-04  1.146E-03  1.146E-03
    11  4.3040E+06  1.269E-03  1.269E-03  3.468E-04  3.468E-04
    12  3.0000E+06  2.120E-03  2.120E-03  6.528E-04  6.528E-04
    13  2.4790E+06  2.743E-03  2.743E-03  2.404E-03  2.404E-03
    14  2.3540E+06  3.328E-03  3.328E-03  5.164E-04  5.164E-04
    15  1.8500E+06  3.889E-03  3.889E-03  5.933E-04  5.933E-04
    16  1.5000E+06  4.043E-03  4.043E-03  1.804E-03  1.804E-03
    17  1.4000E+06  4.008E-03  4.008E-03  3.897E-03  3.897E-03
    18  1.3560E+06  3.998E-03  3.998E-03  4.265E-03  4.265E-03
    19  1.3170E+06  3.963E-03  3.963E-03  2.384E-03  2.384E-03
    20  1.2500E+06  3.962E-03  3.962E-03  3.049E-03  3.049E-03
    21  1.2000E+06  4.057E-03  4.057E-03  1.430E-03  1.430E-03
    22  1.1000E+06  4.101E-03  4.101E-03  1.458E-03  1.458E-03
    23  1.0100E+06  4.058E-03  4.058E-03  1.334E-03  1.334E-03
    24  9.2000E+05  4.029E-03  4.029E-03  5.664E-03  5.664E-03
    25  9.0000E+05  4.057E-03  4.057E-03  4.419E-03  4.419E-03
    26  8.7500E+05  4.045E-03  4.045E-03  7.775E-03  7.775E-03
    27  8.6110E+05  4.052E-03  4.052E-03  2.546E-03  2.546E-03
    28  8.2000E+05  4.066E-03  4.066E-03  1.395E-03  1.395E-03
    29  7.5000E+05  4.057E-03  4.057E-03  1.252E-03  1.252E-03
    30  6.7900E+05  4.022E-03  4.022E-03  9.334E-03  9.334E-03
    31  6.7000E+05  3.918E-03  3.918E-03  1.129E-03  1.129E-03
    32  6.0000E+05  3.883E-03  3.883E-03  2.706E-03  2.706E-03
    33  5.7300E+05  3.898E-03  3.898E-03  3.041E-03  3.041E-03
    34  5.5000E+05  3.799E-03  3.799E-03  1.118E-03  1.118E-03
    35  4.9200E+05  3.792E-03  3.792E-03  2.724E-03  2.724E-03
    36  4.7000E+05  3.673E-03  3.673E-03  1.889E-03  1.889E-03
    37  4.4000E+05  3.504E-03  3.504E-03  2.679E-03  2.679E-03
    38  4.2000E+05  3.492E-03  3.492E-03  2.554E-03  2.554E-03
    39  4.0000E+05  3.364E-03  3.364E-03  6.479E-04  6.479E-04
    40  3.3000E+05  3.110E-03  3.110E-03  6.211E-04  6.211E-04
    41  2.7000E+05  3.083E-03  3.083E-03  4.154E-04  4.154E-04
    42  2.0000E+05  3.258E-03  3.258E-03  4.236E-04  4.236E-04
    43  1.4900E+05  3.274E-03  3.274E-03  8.338E-04  8.338E-04
    44  1.2830E+05  3.116E-03  3.116E-03  5.006E-04  5.006E-04
    45  1.0000E+05  3.068E-03  3.068E-03  7.677E-04  7.677E-04
    46  8.5000E+04  3.409E-03  3.409E-03  3.473E-03  3.473E-03
    47  8.2000E+04  3.386E-03  3.386E-03  1.399E-03  1.399E-03
    48  7.5000E+04  3.313E-03  3.313E-03  4.618E-03  4.618E-03
    49  7.3000E+04  3.287E-03  3.287E-03  6.365E-04  6.365E-04
    50  6.0000E+04  3.241E-03  3.241E-03  8.726E-04  8.726E-04
    51  5.2000E+04  3.057E-03  3.057E-03  3.184E-03  3.184E-03
    52  5.0000E+04  2.973E-03  2.973E-03  1.185E-03  1.185E-03
    53  4.5000E+04  3.208E-03  3.208E-03  3.081E-04  3.081E-04
    54  3.0000E+04  3.164E-03  3.164E-03  3.085E-04  3.085E-04
    55  2.0000E+04  3.160E-03  3.160E-03  7.705E-04  7.705E-04
    56  1.7000E+04  3.142E-03  3.142E-03  4.671E-04  4.671E-04
    57  1.3000E+04  3.129E-03  3.129E-03  3.998E-04  3.998E-04
    58  9.5000E+03  3.120E-03  3.120E-03  7.467E-04  7.467E-04
    59  8.0300E+03  3.111E-03  3.111E-03  3.666E-04  3.666E-04
    60  5.7000E+03  3.099E-03  3.099E-03  3.316E-04  3.316E-04
    61  3.9000E+03  3.096E-03  3.096E-03  3.009E-03  3.009E-03
    62  3.7400E+03  3.088E-03  3.088E-03  5.719E-04  5.719E-04
    63  3.0000E+03  3.079E-03  3.079E-03  6.924E-04  6.924E-04
    64  2.5000E+03  3.079E-03  3.079E-03  1.199E-03  1.199E-03
    65  2.2500E+03  3.070E-03  3.070E-03  5.625E-03  5.625E-03
    66  2.2000E+03  3.068E-03  3.068E-03  6.303E-04  6.303E-04
    67  1.8000E+03  3.064E-03  3.064E-03  8.471E-04  8.471E-04
    68  1.5500E+03  3.055E-03  3.055E-03  3.865E-03  3.865E-03
    69  1.5000E+03  3.054E-03  3.054E-03  4.776E-04  4.776E-04
    70  1.1500E+03  3.045E-03  3.045E-03  6.654E-04  6.654E-04
    71  9.5000E+02  3.034E-03  3.034E-03  3.861E-04  3.861E-04
    72  6.8300E+02  2.996E-03  2.996E-03  6.636E-03  6.636E-03
    73  6.7000E+02  3.024E-03  3.024E-03  6.476E-04  6.476E-04
    74  5.5000E+02  3.000E-03  3.000E-03  2.173E-04  2.173E-04
    75  3.0500E+02  2.967E-03  2.967E-03  1.903E-03  1.903E-03
    76  2.8500E+02  2.970E-03  2.970E-03  7.529E-04  7.529E-04
    77  2.4000E+02  2.944E-03  2.944E-03  1.491E-03  1.491E-03
    78  2.2000E+02  2.978E-03  2.978E-03  2.667E-03  2.667E-03
    79  2.0950E+02  2.959E-03  2.959E-03  1.296E-02  1.296E-02
    80  2.0740E+02  2.958E-03  2.958E-03  4.946E-03  4.946E-03
    81  2.0200E+02  2.911E-03  2.911E-03  2.837E-03  2.837E-03
    82  1.9300E+02  2.797E-03  2.797E-03  1.619E-02  1.619E-02
    83  1.9150E+02  2.981E-03  2.981E-03  8.294E-03  8.294E-03
    84  1.8850E+02  2.943E-03  2.943E-03  3.079E-02  3.079E-02
    85  1.8770E+02  2.948E-03  2.948E-03  3.126E-03  3.126E-03
    86  1.8000E+02  2.888E-03  2.888E-03  2.280E-03  2.280E-03
    87  1.7000E+02  2.942E-03  2.942E-03  7.574E-04  7.574E-04
    88  1.4300E+02  2.918E-03  2.918E-03  8.270E-04  8.270E-04
    89  1.2200E+02  2.809E-03  2.809E-03  5.151E-03  5.151E-03
    90  1.1900E+02  2.929E-03  2.929E-03  1.044E-02  1.044E-02
    91  1.1750E+02  2.910E-03  2.910E-03  1.030E-02  1.030E-02
    92  1.1600E+02  2.831E-03  2.831E-03  4.981E-03  4.981E-03
    93  1.1300E+02  2.884E-03  2.884E-03  2.909E-03  2.909E-03
    94  1.0800E+02  2.895E-03  2.895E-03  4.716E-03  4.716E-03
    95  1.0500E+02  2.895E-03  2.895E-03  3.603E-03  3.603E-03
    96  1.0120E+02  2.889E-03  2.889E-03  3.132E-03  3.132E-03
    97  9.7000E+01  2.889E-03  2.889E-03  1.770E-03  1.770E-03
    98  9.0000E+01  2.887E-03  2.887E-03  1.372E-03  1.372E-03
    99  8.1700E+01  2.887E-03  2.887E-03  6.313E-03  6.313E-03
   100  8.0000E+01  2.886E-03  2.886E-03  2.592E-03  2.592E-03
   101  7.6000E+01  2.879E-03  2.879E-03  2.463E-03  2.463E-03
   102  7.2000E+01  2.796E-03  2.796E-03  2.023E-03  2.023E-03
   103  6.7500E+01  2.860E-03  2.860E-03  3.553E-03  3.553E-03
   104  6.5000E+01  2.858E-03  2.858E-03  4.296E-03  4.296E-03
   105  6.3000E+01  2.855E-03  2.855E-03  4.164E-03  4.164E-03
   106  6.1000E+01  2.765E-03  2.765E-03  2.607E-03  2.607E-03
   107  5.8000E+01  2.833E-03  2.833E-03  1.634E-03  1.634E-03
   108  5.3400E+01  2.830E-03  2.830E-03  2.504E-03  2.504E-03
   109  5.0600E+01  2.826E-03  2.826E-03  2.900E-03  2.900E-03
   110  4.8300E+01  2.829E-03  2.829E-03  2.033E-03  2.033E-03
   111  4.5200E+01  2.827E-03  2.827E-03  5.012E-03  5.012E-03
   112  4.4000E+01  2.824E-03  2.824E-03  3.641E-03  3.641E-03
   113  4.2400E+01  2.827E-03  2.827E-03  4.015E-03  4.015E-03
   114  4.1000E+01  2.826E-03  2.826E-03  3.881E-03  3.881E-03
   115  3.9600E+01  2.826E-03  2.826E-03  1.061E-02  1.061E-02
   116  3.9100E+01  2.827E-03  2.827E-03  4.723E-03  4.723E-03
   117  3.8000E+01  2.826E-03  2.826E-03  1.378E-02  1.378E-02
   118  3.7630E+01  2.825E-03  2.825E-03  1.403E-02  1.403E-02
   119  3.7270E+01  2.826E-03  2.826E-03  3.584E-02  3.584E-02
   120  3.7130E+01  2.826E-03  2.826E-03  3.845E-02  3.845E-02
   121  3.7000E+01  2.823E-03  2.823E-03  4.925E-03  4.925E-03
   122  3.6000E+01  2.824E-03  2.824E-03  9.651E-03  9.651E-03
   123  3.5500E+01  2.824E-03  2.824E-03  9.519E-03  9.519E-03
   124  3.5000E+01  2.821E-03  2.821E-03  3.712E-03  3.712E-03
   125  3.3750E+01  2.822E-03  2.822E-03  9.033E-03  9.033E-03
   126  3.3250E+01  2.821E-03  2.821E-03  2.918E-03  2.918E-03
   127  3.1750E+01  2.820E-03  2.820E-03  8.476E-03  8.476E-03
   128  3.1250E+01  2.820E-03  2.820E-03  3.292E-03  3.292E-03
   129  3.0000E+01  2.818E-03  2.818E-03  1.548E-03  1.548E-03
   130  2.7500E+01  2.814E-03  2.814E-03  1.423E-03  1.423E-03
   131  2.5000E+01  2.683E-03  2.683E-03  1.261E-03  1.261E-03
   132  2.2500E+01  2.569E-03  2.569E-03  3.901E-03  3.901E-03
   133  2.1750E+01  2.579E-03  2.579E-03  5.211E-03  5.211E-03
   134  2.1200E+01  2.704E-03  2.704E-03  4.163E-03  4.163E-03
   135  2.0500E+01  2.702E-03  2.702E-03  5.667E-03  5.667E-03
   136  2.0000E+01  2.699E-03  2.699E-03  4.594E-03  4.594E-03
   137  1.9400E+01  2.685E-03  2.685E-03  2.950E-03  2.950E-03
   138  1.8500E+01  2.685E-03  2.685E-03  1.654E-03  1.654E-03
   139  1.7000E+01  2.676E-03  2.676E-03  2.310E-03  2.310E-03
   140  1.6000E+01  2.679E-03  2.679E-03  1.327E-03  1.327E-03
   141  1.4400E+01  2.677E-03  2.677E-03  1.271E-03  1.271E-03
   142  1.2900E+01  2.669E-03  2.669E-03  1.732E-03  1.732E-03
   143  1.1900E+01  2.674E-03  2.674E-03  4.082E-03  4.082E-03
   144  1.1500E+01  2.661E-03  2.661E-03  9.993E-04  9.993E-04
   145  1.0000E+01  2.661E-03  2.661E-03  1.477E-03  1.477E-03
   146  9.1000E+00  2.660E-03  2.660E-03  1.196E-03  1.196E-03
   147  8.1000E+00  2.659E-03  2.659E-03  1.116E-03  1.116E-03
   148  7.1500E+00  2.651E-03  2.651E-03  6.566E-03  6.566E-03
   149  7.0000E+00  2.631E-03  2.631E-03  7.742E-03  7.742E-03
   150  6.8750E+00  2.615E-03  2.615E-03  7.616E-03  7.616E-03
   151  6.7500E+00  2.633E-03  2.633E-03  3.693E-03  3.693E-03
   152  6.5000E+00  2.643E-03  2.643E-03  3.547E-03  3.547E-03
   153  6.2500E+00  2.642E-03  2.642E-03  3.407E-03  3.407E-03
   154  6.0000E+00  2.638E-03  2.638E-03  1.319E-03  1.319E-03
   155  5.4000E+00  2.630E-03  2.630E-03  1.803E-03  1.803E-03
   156  5.0000E+00  2.800E-03  2.800E-03  2.247E-03  2.247E-03
   157  4.7000E+00  2.901E-03  2.901E-03  1.017E-03  1.017E-03
   158  4.1000E+00  2.831E-03  2.831E-03  1.467E-03  1.467E-03
   159  3.7300E+00  2.617E-03  2.617E-03  2.181E-03  2.181E-03
   160  3.5000E+00  2.644E-03  2.644E-03  1.547E-03  1.547E-03
   161  3.2000E+00  2.730E-03  2.730E-03  4.366E-03  4.366E-03
   162  3.1000E+00  2.882E-03  2.882E-03  4.227E-03  4.227E-03
   163  3.0000E+00  2.996E-03  2.996E-03  1.379E-02  1.379E-02
   164  2.9700E+00  2.820E-03  2.820E-03  4.045E-03  4.045E-03
   165  2.8700E+00  2.770E-03  2.770E-03  3.905E-03  3.905E-03
   166  2.7700E+00  2.777E-03  2.777E-03  3.767E-03  3.767E-03
   167  2.6700E+00  2.783E-03  2.783E-03  3.629E-03  3.629E-03
   168  2.5700E+00  2.788E-03  2.788E-03  3.489E-03  3.489E-03
   169  2.4700E+00  2.784E-03  2.784E-03  3.730E-03  3.730E-03
   170  2.3800E+00  2.759E-03  2.759E-03  4.051E-03  4.051E-03
   171  2.3000E+00  2.756E-03  2.756E-03  3.475E-03  3.475E-03
   172  2.2100E+00  2.781E-03  2.781E-03  3.335E-03  3.335E-03
   173  2.1200E+00  2.796E-03  2.796E-03  2.379E-03  2.379E-03
   174  2.0000E+00  2.823E-03  2.823E-03  4.551E-03  4.551E-03
   175  1.9400E+00  2.816E-03  2.816E-03  3.295E-03  3.295E-03
   176  1.8600E+00  2.812E-03  2.812E-03  2.799E-03  2.799E-03
   177  1.7700E+00  2.825E-03  2.825E-03  2.653E-03  2.653E-03
   178  1.6800E+00  2.850E-03  2.850E-03  2.501E-03  2.501E-03
   179  1.5900E+00  2.877E-03  2.877E-03  2.360E-03  2.360E-03
   180  1.5000E+00  2.894E-03  2.894E-03  4.050E-03  4.050E-03
   181  1.4500E+00  2.906E-03  2.906E-03  3.908E-03  3.908E-03
   182  1.4000E+00  2.918E-03  2.918E-03  3.765E-03  3.765E-03
   183  1.3500E+00  2.933E-03  2.933E-03  3.623E-03  3.623E-03
   184  1.3000E+00  2.953E-03  2.953E-03  3.485E-03  3.485E-03
   185  1.2500E+00  2.970E-03  2.970E-03  6.763E-03  6.763E-03
   186  1.2250E+00  2.984E-03  2.984E-03  6.624E-03  6.624E-03
   187  1.2000E+00  2.998E-03  2.998E-03  6.485E-03  6.485E-03
   188  1.1750E+00  3.013E-03  3.013E-03  6.346E-03  6.346E-03
   189  1.1500E+00  3.024E-03  3.024E-03  1.562E-02  1.562E-02
   190  1.1400E+00  3.031E-03  3.031E-03  1.548E-02  1.548E-02
   191  1.1300E+00  3.038E-03  3.038E-03  1.535E-02  1.535E-02
   192  1.1200E+00  3.045E-03  3.045E-03  1.521E-02  1.521E-02
   193  1.1100E+00  3.053E-03  3.053E-03  1.507E-02  1.507E-02
   194  1.1000E+00  3.061E-03  3.061E-03  1.493E-02  1.493E-02
   195  1.0900E+00  3.069E-03  3.069E-03  1.479E-02  1.479E-02
   196  1.0800E+00  3.078E-03  3.078E-03  1.465E-02  1.465E-02
   197  1.0700E+00  3.086E-03  3.086E-03  1.451E-02  1.451E-02
   198  1.0600E+00  3.096E-03  3.096E-03  1.438E-02  1.438E-02
   199  1.0500E+00  3.106E-03  3.106E-03  1.424E-02  1.424E-02
   200  1.0400E+00  3.116E-03  3.116E-03  1.410E-02  1.410E-02
   201  1.0300E+00  3.128E-03  3.128E-03  1.396E-02  1.396E-02
   202  1.0200E+00  3.139E-03  3.139E-03  1.383E-02  1.383E-02
   203  1.0100E+00  3.152E-03  3.152E-03  1.369E-02  1.369E-02
   204  1.0000E+00  3.177E-03  3.177E-03  5.378E-03  5.378E-03
   205  9.7500E-01  3.217E-03  3.217E-03  5.241E-03  5.241E-03
   206  9.5000E-01  3.262E-03  3.262E-03  5.103E-03  5.103E-03
   207  9.2500E-01  3.314E-03  3.314E-03  4.966E-03  4.966E-03
   208  9.0000E-01  3.407E-03  3.407E-03  2.380E-03  2.380E-03
   209  8.5000E-01  3.567E-03  3.567E-03  2.242E-03  2.242E-03
   210  8.0000E-01  3.790E-03  3.790E-03  2.106E-03  2.106E-03
   211  7.5000E-01  4.113E-03  4.113E-03  1.969E-03  1.969E-03
   212  7.0000E-01  4.571E-03  4.571E-03  1.832E-03  1.832E-03
   213  6.5000E-01  5.024E-03  5.024E-03  3.461E-03  3.461E-03
   214  6.2500E-01  5.411E-03  5.411E-03  3.325E-03  3.325E-03
   215  6.0000E-01  6.134E-03  6.134E-03  1.559E-03  1.559E-03
   216  5.5000E-01  7.402E-03  7.402E-03  1.423E-03  1.423E-03
   217  5.0000E-01  9.120E-03  9.120E-03  1.287E-03  1.287E-03
   218  4.5000E-01  1.137E-02  1.137E-02  1.151E-03  1.151E-03
   219  4.0000E-01  1.342E-02  1.342E-02  2.099E-03  2.099E-03
   220  3.7500E-01  1.503E-02  1.503E-02  1.963E-03  1.963E-03
   221  3.5000E-01  1.675E-02  1.675E-02  1.827E-03  1.827E-03
   222  3.2500E-01  1.854E-02  1.854E-02  1.691E-03  1.691E-03
   223  3.0000E-01  2.037E-02  2.037E-02  1.555E-03  1.555E-03
   224  2.7500E-01  2.214E-02  2.214E-02  1.419E-03  1.419E-03
   225  2.5000E-01  2.366E-02  2.366E-02  1.283E-03  1.283E-03
   226  2.2500E-01  2.483E-02  2.483E-02  1.147E-03  1.147E-03
   227  2.0000E-01  2.537E-02  2.537E-02  1.011E-03  1.011E-03
   228  1.7500E-01  2.504E-02  2.504E-02  8.751E-04  8.751E-04
   229  1.5000E-01  2.356E-02  2.356E-02  7.393E-04  7.393E-04
   230  1.2500E-01  2.099E-02  2.099E-02  6.037E-04  6.037E-04
   231  1.0000E-01  1.846E-02  1.846E-02  1.278E-03  1.278E-03
   232  9.0000E-02  1.653E-02  1.653E-02  1.143E-03  1.143E-03
   233  8.0000E-02  1.430E-02  1.430E-02  1.008E-03  1.008E-03
   234  7.0000E-02  1.196E-02  1.196E-02  8.731E-04  8.731E-04
   235  6.0000E-02  9.526E-03  9.526E-03  7.382E-04  7.382E-04
   236  5.0000E-02  7.087E-03  7.087E-03  6.032E-04  6.032E-04
   237  4.0000E-02  4.719E-03  4.719E-03  4.679E-04  4.679E-04
   238  3.0000E-02  3.205E-03  3.205E-03  7.900E-04  7.900E-04
   239  2.5300E-02  1.325E-03  1.325E-03  1.450E-04  1.450E-04
   240  1.0000E-02  3.779E-04  3.779E-04  4.680E-04  4.680E-04
   241  7.5000E-03  1.986E-04  1.986E-04  3.320E-04  3.320E-04
   242  5.0000E-03  1.059E-04  1.059E-04  6.032E-04  6.032E-04
   243  4.0000E-03  6.468E-05  6.468E-05  4.678E-04  4.678E-04
   244  3.0000E-03  4.048E-05  4.048E-05  7.380E-04  7.380E-04
   245  2.5000E-03  2.719E-05  2.719E-05  6.028E-04  6.028E-04
   246  2.0000E-03  1.597E-05  1.597E-05  4.676E-04  4.676E-04
   247  1.5000E-03  8.207E-06  8.207E-06  6.032E-04  6.032E-04
   248  1.2000E-03  4.742E-06  4.742E-06  7.385E-04  7.385E-04
   249  1.0000E-03  2.546E-06  2.546E-06  4.683E-04  4.683E-04
   250  7.5000E-04  1.043E-06  1.043E-06  3.325E-04  3.325E-04
   251  5.0000E-04  8.807E-08  8.807E-08  8.409E-05  8.409E-05
   252  1.0000E-04  2.050E-10  2.050E-10  5.955E-05  5.955E-05


     1  2.0000E+07  0.000E+00  0.000E+00  7.486E-04  7.486E-04
     2  1.7330E+07  1.109E-07  1.109E-07  1.148E-03  1.148E-03
     3  1.5680E+07  7.466E-07  7.466E-07  1.543E-03  1.543E-03
     4  1.4550E+07  1.536E-06  1.536E-06  2.251E-03  2.251E-03
     5  1.3840E+07  2.946E-06  2.946E-06  1.480E-03  1.480E-03
     6  1.2840E+07  1.541E-05  1.541E-05  4.371E-04  4.371E-04
     7  1.0000E+07  6.123E-05  6.123E-05  5.408E-04  5.408E-04
     8  8.1870E+06  2.181E-04  2.181E-04  4.995E-04  4.995E-04
     9  6.4340E+06  5.974E-04  5.974E-04  4.232E-04  4.232E-04
    10  4.8000E+06  9.654E-04  9.654E-04  1.144E-03  1.144E-03
    11  4.3040E+06  1.230E-03  1.230E-03  3.461E-04  3.461E-04
    12  3.0000E+06  2.056E-03  2.056E-03  6.514E-04  6.514E-04
    13  2.4790E+06  2.659E-03  2.659E-03  2.399E-03  2.399E-03
    14  2.3540E+06  3.227E-03  3.227E-03  5.153E-04  5.153E-04
    15  1.8500E+06  3.771E-03  3.771E-03  5.920E-04  5.920E-04
    16  1.5000E+06  3.920E-03  3.920E-03  1.799E-03  1.799E-03
    17  1.4000E+06  3.886E-03  3.886E-03  3.888E-03  3.888E-03
    18  1.3560E+06  3.877E-03  3.877E-03  4.254E-03  4.254E-03
    19  1.3170E+06  3.843E-03  3.843E-03  2.378E-03  2.378E-03
    20  1.2500E+06  3.841E-03  3.841E-03  3.041E-03  3.041E-03
    21  1.2000E+06  3.934E-03  3.934E-03  1.427E-03  1.427E-03
    22  1.1000E+06  3.977E-03  3.977E-03  1.455E-03  1.455E-03
    23  1.0100E+06  3.935E-03  3.935E-03  1.331E-03  1.331E-03
    24  9.2000E+05  3.906E-03  3.906E-03  5.651E-03  5.651E-03
    25  9.0000E+05  3.934E-03  3.934E-03  4.409E-03  4.409E-03
    26  8.7500E+05  3.922E-03  3.922E-03  7.756E-03  7.756E-03
    27  8.6110E+05  3.929E-03  3.929E-03  2.540E-03  2.540E-03
    28  8.2000E+05  3.942E-03  3.942E-03  1.392E-03  1.392E-03
    29  7.5000E+05  3.934E-03  3.934E-03  1.249E-03  1.249E-03
    30  6.7900E+05  3.900E-03  3.900E-03  9.312E-03  9.312E-03
    31  6.7000E+05  3.800E-03  3.800E-03  1.126E-03  1.126E-03
    32  6.0000E+05  3.765E-03  3.765E-03  2.699E-03  2.699E-03
    33  5.7300E+05  3.780E-03  3.780E-03  3.034E-03  3.034E-03
    34  5.5000E+05  3.684E-03  3.684E-03  1.115E-03  1.115E-03
    35  4.9200E+05  3.677E-03  3.677E-03  2.717E-03  2.717E-03
    36  4.7000E+05  3.562E-03  3.562E-03  1.885E-03  1.885E-03
    37  4.4000E+05  3.398E-03  3.398E-03  2.672E-03  2.672E-03
    38  4.2000E+05  3.386E-03  3.386E-03  2.548E-03  2.548E-03
    39  4.0000E+05  3.262E-03  3.262E-03  6.463E-04  6.463E-04
    40  3.3000E+05  3.015E-03  3.015E-03  6.197E-04  6.197E-04
    41  2.7000E+05  2.989E-03  2.989E-03  4.144E-04  4.144E-04
    42  2.0000E+05  3.160E-03  3.160E-03  4.226E-04  4.226E-04
    43  1.4900E+05  3.175E-03  3.175E-03  8.318E-04  8.318E-04
    44  1.2830E+05  3.021E-03  3.021E-03  4.994E-04  4.994E-04
    45  1.0000E+05  2.975E-03  2.975E-03  7.659E-04  7.659E-04
    46  8.5000E+04  3.306E-03  3.306E-03  3.464E-03  3.464E-03
    47  8.2000E+04  3.283E-03  3.283E-03  1.395E-03  1.395E-03
    48  7.5000E+04  3.213E-03  3.213E-03  4.607E-03  4.607E-03
    49  7.3000E+04  3.188E-03  3.188E-03  6.350E-04  6.350E-04
    50  6.0000E+04  3.143E-03  3.143E-03  8.705E-04  8.705E-04
    51  5.2000E+04  2.964E-03  2.964E-03  3.177E-03  3.177E-03
    52  5.0000E+04  2.883E-03  2.883E-03  1.183E-03  1.183E-03
    53  4.5000E+04  3.111E-03  3.111E-03  3.074E-04  3.074E-04
    54  3.0000E+04  3.068E-03  3.068E-03  3.077E-04  3.077E-04
    55  2.0000E+04  3.065E-03  3.065E-03  7.686E-04  7.686E-04
    56  1.7000E+04  3.047E-03  3.047E-03  4.659E-04  4.659E-04
    57  1.3000E+04  3.035E-03  3.035E-03  3.989E-04  3.989E-04
    58  9.5000E+03  3.026E-03  3.026E-03  7.449E-04  7.449E-04
    59  8.0300E+03  3.017E-03  3.017E-03  3.657E-04  3.657E-04
    60  5.7000E+03  3.006E-03  3.006E-03  3.308E-04  3.308E-04
    61  3.9000E+03  3.003E-03  3.003E-03  3.002E-03  3.002E-03
    62  3.7400E+03  2.995E-03  2.995E-03  5.705E-04  5.705E-04
    63  3.0000E+03  2.987E-03  2.987E-03  6.907E-04  6.907E-04
    64  2.5000E+03  2.986E-03  2.986E-03  1.196E-03  1.196E-03
    65  2.2500E+03  2.978E-03  2.978E-03  5.611E-03  5.611E-03
    66  2.2000E+03  2.976E-03  2.976E-03  6.288E-04  6.288E-04
    67  1.8000E+03  2.972E-03  2.972E-03  8.451E-04  8.451E-04
    68  1.5500E+03  2.963E-03  2.963E-03  3.855E-03  3.855E-03
    69  1.5000E+03  2.962E-03  2.962E-03  4.765E-04  4.765E-04
    70  1.1500E+03  2.955E-03  2.955E-03  6.638E-04  6.638E-04
    71  9.5000E+02  2.943E-03  2.943E-03  3.851E-04  3.851E-04
    72  6.8300E+02  2.907E-03  2.907E-03  6.620E-03  6.620E-03
    73  6.7000E+02  2.934E-03  2.934E-03  6.460E-04  6.460E-04
    74  5.5000E+02  2.911E-03  2.911E-03  2.168E-04  2.168E-04
    75  3.0500E+02  2.878E-03  2.878E-03  1.898E-03  1.898E-03
    76  2.8500E+02  2.882E-03  2.882E-03  7.511E-04  7.511E-04
    77  2.4000E+02  2.856E-03  2.856E-03  1.487E-03  1.487E-03
    78  2.2000E+02  2.890E-03  2.890E-03  2.661E-03  2.661E-03
    79  2.0950E+02  2.871E-03  2.871E-03  1.293E-02  1.293E-02
    80  2.0740E+02  2.870E-03  2.870E-03  4.934E-03  4.934E-03
    81  2.0200E+02  2.826E-03  2.826E-03  2.831E-03  2.831E-03
    82  1.9300E+02  2.715E-03  2.715E-03  1.615E-02  1.615E-02
    83  1.9150E+02  2.893E-03  2.893E-03  8.275E-03  8.275E-03
    84  1.8850E+02  2.854E-03  2.854E-03  3.072E-02  3.072E-02
    85  1.8770E+02  2.861E-03  2.861E-03  3.119E-03  3.119E-03
    86  1.8000E+02  2.802E-03  2.802E-03  2.275E-03  2.275E-03
    87  1.7000E+02  2.855E-03  2.855E-03  7.557E-04  7.557E-04
    88  1.4300E+02  2.832E-03  2.832E-03  8.251E-04  8.251E-04
    89  1.2200E+02  2.726E-03  2.726E-03  5.140E-03  5.140E-03
    90  1.1900E+02  2.843E-03  2.843E-03  1.042E-02  1.042E-02
    91  1.1750E+02  2.824E-03  2.824E-03  1.028E-02  1.028E-02
    92  1.1600E+02  2.748E-03  2.748E-03  4.970E-03  4.970E-03
    93  1.1300E+02  2.798E-03  2.798E-03  2.902E-03  2.902E-03
    94  1.0800E+02  2.811E-03  2.811E-03  4.705E-03  4.705E-03
    95  1.0500E+02  2.809E-03  2.809E-03  3.595E-03  3.595E-03
    96  1.0120E+02  2.805E-03  2.805E-03  3.126E-03  3.126E-03
    97  9.7000E+01  2.804E-03  2.804E-03  1.767E-03  1.767E-03
    98  9.0000E+01  2.802E-03  2.802E-03  1.369E-03  1.369E-03
    99  8.1700E+01  2.802E-03  2.802E-03  6.300E-03  6.300E-03
   100  8.0000E+01  2.801E-03  2.801E-03  2.586E-03  2.586E-03
   101  7.6000E+01  2.795E-03  2.795E-03  2.458E-03  2.458E-03
   102  7.2000E+01  2.714E-03  2.714E-03  2.019E-03  2.019E-03
   103  6.7500E+01  2.776E-03  2.776E-03  3.545E-03  3.545E-03
   104  6.5000E+01  2.774E-03  2.774E-03  4.288E-03  4.288E-03
   105  6.3000E+01  2.772E-03  2.772E-03  4.155E-03  4.155E-03
   106  6.1000E+01  2.685E-03  2.685E-03  2.602E-03  2.602E-03
   107  5.8000E+01  2.750E-03  2.750E-03  1.630E-03  1.630E-03
   108  5.3400E+01  2.748E-03  2.748E-03  2.500E-03  2.500E-03
   109  5.0600E+01  2.743E-03  2.743E-03  2.894E-03  2.894E-03
   110  4.8300E+01  2.746E-03  2.746E-03  2.029E-03  2.029E-03
   111  4.5200E+01  2.744E-03  2.744E-03  5.003E-03  5.003E-03
   112  4.4000E+01  2.739E-03  2.739E-03  3.634E-03  3.634E-03
   113  4.2400E+01  2.746E-03  2.746E-03  4.007E-03  4.007E-03
   114  4.1000E+01  2.744E-03  2.744E-03  3.874E-03  3.874E-03
   115  3.9600E+01  2.743E-03  2.743E-03  1.059E-02  1.059E-02
   116  3.9100E+01  2.744E-03  2.744E-03  4.715E-03  4.715E-03
   117  3.8000E+01  2.743E-03  2.743E-03  1.376E-02  1.376E-02
   118  3.7630E+01  2.743E-03  2.743E-03  1.401E-02  1.401E-02
   119  3.7270E+01  2.743E-03  2.743E-03  3.577E-02  3.577E-02
   120  3.7130E+01  2.743E-03  2.743E-03  3.838E-02  3.838E-02
   121  3.7000E+01  2.741E-03  2.741E-03  4.916E-03  4.916E-03
   122  3.6000E+01  2.742E-03  2.742E-03  9.634E-03  9.634E-03
   123  3.5500E+01  2.742E-03  2.742E-03  9.502E-03  9.502E-03
   124  3.5000E+01  2.739E-03  2.739E-03  3.705E-03  3.705E-03
   125  3.3750E+01  2.740E-03  2.740E-03  9.018E-03  9.018E-03
   126  3.3250E+01  2.739E-03  2.739E-03  2.913E-03  2.913E-03
   127  3.1750E+01  2.737E-03  2.737E-03  8.459E-03  8.459E-03
   128  3.1250E+01  2.737E-03  2.737E-03  3.285E-03  3.285E-03
   129  3.0000E+01  2.736E-03  2.736E-03  1.546E-03  1.546E-03
   130  2.7500E+01  2.733E-03  2.733E-03  1.421E-03  1.421E-03
   131  2.5000E+01  2.606E-03  2.606E-03  1.259E-03  1.259E-03
   132  2.2500E+01  2.497E-03  2.497E-03  3.895E-03  3.895E-03
   133  2.1750E+01  2.505E-03  2.505E-03  5.202E-03  5.202E-03
   134  2.1200E+01  2.625E-03  2.625E-03  4.155E-03  4.155E-03
   135  2.0500E+01  2.625E-03  2.625E-03  5.657E-03  5.657E-03
   136  2.0000E+01  2.622E-03  2.622E-03  4.587E-03  4.587E-03
   137  1.9400E+01  2.609E-03  2.609E-03  2.945E-03  2.945E-03
   138  1.8500E+01  2.608E-03  2.608E-03  1.652E-03  1.652E-03
   139  1.7000E+01  2.601E-03  2.601E-03  2.306E-03  2.306E-03
   140  1.6000E+01  2.603E-03  2.603E-03  1.325E-03  1.325E-03
   141  1.4400E+01  2.602E-03  2.602E-03  1.269E-03  1.269E-03
   142  1.2900E+01  2.595E-03  2.595E-03  1.730E-03  1.730E-03
   143  1.1900E+01  2.599E-03  2.599E-03  4.075E-03  4.075E-03
   144  1.1500E+01  2.588E-03  2.588E-03  9.977E-04  9.977E-04
   145  1.0000E+01  2.588E-03  2.588E-03  1.475E-03  1.475E-03
   146  9.1000E+00  2.586E-03  2.586E-03  1.194E-03  1.194E-03
   147  8.1000E+00  2.584E-03  2.584E-03  1.114E-03  1.114E-03
   148  7.1500E+00  2.578E-03  2.578E-03  6.556E-03  6.556E-03
   149  7.0000E+00  2.561E-03  2.561E-03  7.730E-03  7.730E-03
   150  6.8750E+00  2.547E-03  2.547E-03  7.608E-03  7.608E-03
   151  6.7500E+00  2.563E-03  2.563E-03  3.689E-03  3.689E-03
   152  6.5000E+00  2.571E-03  2.571E-03  3.544E-03  3.544E-03
   153  6.2500E+00  2.570E-03  2.570E-03  3.405E-03  3.405E-03
   154  6.0000E+00  2.565E-03  2.565E-03  1.318E-03  1.318E-03
   155  5.4000E+00  2.538E-03  2.538E-03  1.794E-03  1.794E-03
   156  5.0000E+00  2.717E-03  2.717E-03  2.251E-03  2.251E-03
   157  4.7000E+00  2.814E-03  2.814E-03  1.019E-03  1.019E-03
   158  4.1000E+00  2.746E-03  2.746E-03  1.471E-03  1.471E-03
   159  3.7300E+00  2.540E-03  2.540E-03  2.187E-03  2.187E-03
   160  3.5000E+00  2.565E-03  2.565E-03  1.551E-03  1.551E-03
   161  3.2000E+00  2.649E-03  2.649E-03  4.378E-03  4.378E-03
   162  3.1000E+00  2.797E-03  2.797E-03  4.238E-03  4.238E-03
   163  3.0000E+00  2.907E-03  2.907E-03  1.383E-02  1.383E-02
   164  2.9700E+00  2.736E-03  2.736E-03  4.056E-03  4.056E-03
   165  2.8700E+00  2.687E-03  2.687E-03  3.915E-03  3.915E-03
   166  2.7700E+00  2.695E-03  2.695E-03  3.778E-03  3.778E-03
   167  2.6700E+00  2.701E-03  2.701E-03  3.639E-03  3.639E-03
   168  2.5700E+00  2.706E-03  2.706E-03  3.499E-03  3.499E-03
   169  2.4700E+00  2.704E-03  2.704E-03  3.740E-03  3.740E-03
   170  2.3800E+00  2.684E-03  2.684E-03  4.064E-03  4.064E-03
   171  2.3000E+00  2.682E-03  2.682E-03  3.486E-03  3.486E-03
   172  2.2100E+00  2.705E-03  2.705E-03  3.344E-03  3.344E-03
   173  2.1200E+00  2.720E-03  2.720E-03  2.385E-03  2.385E-03
   174  2.0000E+00  2.748E-03  2.748E-03  4.563E-03  4.563E-03
   175  1.9400E+00  2.743E-03  2.743E-03  3.303E-03  3.303E-03
   176  1.8600E+00  2.742E-03  2.742E-03  2.807E-03  2.807E-03
   177  1.7700E+00  2.755E-03  2.755E-03  2.659E-03  2.659E-03
   178  1.6800E+00  2.776E-03  2.776E-03  2.504E-03  2.504E-03
   179  1.5900E+00  2.805E-03  2.805E-03  2.365E-03  2.365E-03
   180  1.5000E+00  2.822E-03  2.822E-03  4.060E-03  4.060E-03
   181  1.4500E+00  2.834E-03  2.834E-03  3.917E-03  3.917E-03
   182  1.4000E+00  2.845E-03  2.845E-03  3.773E-03  3.773E-03
   183  1.3500E+00  2.859E-03  2.859E-03  3.631E-03  3.631E-03
   184  1.3000E+00  2.880E-03  2.880E-03  3.494E-03  3.494E-03
   185  1.2500E+00  2.898E-03  2.898E-03  6.781E-03  6.781E-03
   186  1.2250E+00  2.911E-03  2.911E-03  6.642E-03  6.642E-03
   187  1.2000E+00  2.925E-03  2.925E-03  6.503E-03  6.503E-03
   188  1.1750E+00  2.940E-03  2.940E-03  6.363E-03  6.363E-03
   189  1.1500E+00  2.952E-03  2.952E-03  1.567E-02  1.567E-02
   190  1.1400E+00  2.958E-03  2.958E-03  1.553E-02  1.553E-02
   191  1.1300E+00  2.965E-03  2.965E-03  1.539E-02  1.539E-02
   192  1.1200E+00  2.973E-03  2.973E-03  1.525E-02  1.525E-02
   193  1.1100E+00  2.980E-03  2.980E-03  1.511E-02  1.511E-02
   194  1.1000E+00  2.988E-03  2.988E-03  1.497E-02  1.497E-02
   195  1.0900E+00  2.996E-03  2.996E-03  1.483E-02  1.483E-02
   196  1.0800E+00  3.005E-03  3.005E-03  1.469E-02  1.469E-02
   197  1.0700E+00  3.014E-03  3.014E-03  1.456E-02  1.456E-02
   198  1.0600E+00  3.023E-03  3.023E-03  1.442E-02  1.442E-02
   199  1.0500E+00  3.033E-03  3.033E-03  1.428E-02  1.428E-02
   200  1.0400E+00  3.044E-03  3.044E-03  1.414E-02  1.414E-02
   201  1.0300E+00  3.055E-03  3.055E-03  1.400E-02  1.400E-02
   202  1.0200E+00  3.067E-03  3.067E-03  1.386E-02  1.386E-02
   203  1.0100E+00  3.080E-03  3.080E-03  1.373E-02  1.373E-02
   204  1.0000E+00  3.105E-03  3.105E-03  5.394E-03  5.394E-03
   205  9.7500E-01  3.145E-03  3.145E-03  5.256E-03  5.256E-03
   206  9.5000E-01  3.191E-03  3.191E-03  5.118E-03  5.118E-03
   207  9.2500E-01  3.244E-03  3.244E-03  4.980E-03  4.980E-03
   208  9.0000E-01  3.339E-03  3.339E-03  2.386E-03  2.386E-03
   209  8.5000E-01  3.504E-03  3.504E-03  2.249E-03  2.249E-03
   210  8.0000E-01  3.734E-03  3.734E-03  2.111E-03  2.111E-03
   211  7.5000E-01  4.068E-03  4.068E-03  1.974E-03  1.974E-03
   212  7.0000E-01  4.545E-03  4.545E-03  1.837E-03  1.837E-03
   213  6.5000E-01  5.018E-03  5.018E-03  3.471E-03  3.471E-03
   214  6.2500E-01  5.423E-03  5.423E-03  3.334E-03  3.334E-03
   215  6.0000E-01  6.181E-03  6.181E-03  1.564E-03  1.564E-03
   216  5.5000E-01  7.514E-03  7.514E-03  1.427E-03  1.427E-03
   217  5.0000E-01  9.323E-03  9.323E-03  1.290E-03  1.290E-03
   218  4.5000E-01  1.170E-02  1.170E-02  1.154E-03  1.154E-03
   219  4.0000E-01  1.387E-02  1.387E-02  2.105E-03  2.105E-03
   220  3.7500E-01  1.557E-02  1.557E-02  1.968E-03  1.968E-03
   221  3.5000E-01  1.739E-02  1.739E-02  1.832E-03  1.832E-03
   222  3.2500E-01  1.930E-02  1.930E-02  1.696E-03  1.696E-03
   223  3.0000E-01  2.126E-02  2.126E-02  1.559E-03  1.559E-03
   224  2.7500E-01  2.314E-02  2.314E-02  1.423E-03  1.423E-03
   225  2.5000E-01  2.478E-02  2.478E-02  1.287E-03  1.287E-03
   226  2.2500E-01  2.604E-02  2.604E-02  1.150E-03  1.150E-03
   227  2.0000E-01  2.665E-02  2.665E-02  1.014E-03  1.014E-03
   228  1.7500E-01  2.634E-02  2.634E-02  8.777E-04  8.777E-04
   229  1.5000E-01  2.482E-02  2.482E-02  7.415E-04  7.415E-04
   230  1.2500E-01  2.214E-02  2.214E-02  6.054E-04  6.054E-04
   231  1.0000E-01  1.949E-02  1.949E-02  1.282E-03  1.282E-03
   232  9.0000E-02  1.746E-02  1.746E-02  1.146E-03  1.146E-03
   233  8.0000E-02  1.512E-02  1.512E-02  1.011E-03  1.011E-03
   234  7.0000E-02  1.265E-02  1.265E-02  8.757E-04  8.757E-04
   235  6.0000E-02  1.008E-02  1.008E-02  7.404E-04  7.404E-04
   236  5.0000E-02  7.507E-03  7.507E-03  6.049E-04  6.049E-04
   237  4.0000E-02  5.003E-03  5.003E-03  4.692E-04  4.692E-04
   238  3.0000E-02  3.400E-03  3.400E-03  7.923E-04  7.923E-04
   239  2.5300E-02  1.406E-03  1.406E-03  1.454E-04  1.454E-04
   240  1.0000E-02  4.017E-04  4.017E-04  4.692E-04  4.692E-04
   241  7.5000E-03  2.111E-04  2.111E-04  3.329E-04  3.329E-04
   242  5.0000E-03  1.126E-04  1.126E-04  6.048E-04  6.048E-04
   243  4.0000E-03  6.874E-05  6.874E-05  4.690E-04  4.690E-04
   244  3.0000E-03  4.301E-05  4.301E-05  7.399E-04  7.399E-04
   245  2.5000E-03  2.888E-05  2.888E-05  6.045E-04  6.045E-04
   246  2.0000E-03  1.697E-05  1.697E-05  4.689E-04  4.689E-04
   247  1.5000E-03  8.734E-06  8.734E-06  6.048E-04  6.048E-04
   248  1.2000E-03  5.051E-06  5.051E-06  7.405E-04  7.405E-04
   249  1.0000E-03  2.715E-06  2.715E-06  4.695E-04  4.695E-04
   250  7.5000E-04  1.114E-06  1.114E-06  3.334E-04  3.334E-04
   251  5.0000E-04  9.468E-08  9.468E-08  8.430E-05  8.430E-05
   252  1.0000E-04  2.295E-10  2.295E-10  5.968E-05  5.968E-05


     1  2.0000E+07  0.000E+00  0.000E+00  7.483E-04  7.483E-04
     2  1.7330E+07  1.064E-07  1.064E-07  1.148E-03  1.148E-03
     3  1.5680E+07  7.162E-07  7.162E-07  1.543E-03  1.543E-03
     4  1.4550E+07  1.474E-06  1.474E-06  2.250E-03  2.250E-03
     5  1.3840E+07  2.846E-06  2.846E-06  1.479E-03  1.479E-03
     6  1.2840E+07  1.495E-05  1.495E-05  4.368E-04  4.368E-04
     7  1.0000E+07  5.940E-05  5.940E-05  5.403E-04  5.403E-04
     8  8.1870E+06  2.116E-04  2.116E-04  4.990E-04  4.990E-04
     9  6.4340E+06  5.796E-04  5.796E-04  4.226E-04  4.226E-04
    10  4.8000E+06  9.367E-04  9.367E-04  1.142E-03  1.142E-03
    11  4.3040E+06  1.194E-03  1.194E-03  3.455E-04  3.455E-04
    12  3.0000E+06  1.995E-03  1.995E-03  6.502E-04  6.502E-04
    13  2.4790E+06  2.582E-03  2.582E-03  2.394E-03  2.394E-03
    14  2.3540E+06  3.133E-03  3.133E-03  5.142E-04  5.142E-04
    15  1.8500E+06  3.662E-03  3.662E-03  5.907E-04  5.907E-04
    16  1.5000E+06  3.807E-03  3.807E-03  1.796E-03  1.796E-03
    17  1.4000E+06  3.774E-03  3.774E-03  3.879E-03  3.879E-03
    18  1.3560E+06  3.765E-03  3.765E-03  4.245E-03  4.245E-03
    19  1.3170E+06  3.732E-03  3.732E-03  2.373E-03  2.373E-03
    20  1.2500E+06  3.730E-03  3.730E-03  3.035E-03  3.035E-03
    21  1.2000E+06  3.820E-03  3.820E-03  1.424E-03  1.424E-03
    22  1.1000E+06  3.862E-03  3.862E-03  1.451E-03  1.451E-03
    23  1.0100E+06  3.821E-03  3.821E-03  1.328E-03  1.328E-03
    24  9.2000E+05  3.794E-03  3.794E-03  5.638E-03  5.638E-03
    25  9.0000E+05  3.820E-03  3.820E-03  4.399E-03  4.399E-03
    26  8.7500E+05  3.809E-03  3.809E-03  7.739E-03  7.739E-03
    27  8.6110E+05  3.815E-03  3.815E-03  2.534E-03  2.534E-03
    28  8.2000E+05  3.829E-03  3.829E-03  1.389E-03  1.389E-03
    29  7.5000E+05  3.821E-03  3.821E-03  1.246E-03  1.246E-03
    30  6.7900E+05  3.788E-03  3.788E-03  9.291E-03  9.291E-03
    31  6.7000E+05  3.690E-03  3.690E-03  1.124E-03  1.124E-03
    32  6.0000E+05  3.657E-03  3.657E-03  2.693E-03  2.693E-03
    33  5.7300E+05  3.671E-03  3.671E-03  3.027E-03  3.027E-03
    34  5.5000E+05  3.578E-03  3.578E-03  1.113E-03  1.113E-03
    35  4.9200E+05  3.571E-03  3.571E-03  2.711E-03  2.711E-03
    36  4.7000E+05  3.459E-03  3.459E-03  1.880E-03  1.880E-03
    37  4.4000E+05  3.300E-03  3.300E-03  2.666E-03  2.666E-03
    38  4.2000E+05  3.289E-03  3.289E-03  2.542E-03  2.542E-03
    39  4.0000E+05  3.168E-03  3.168E-03  6.448E-04  6.448E-04
    40  3.3000E+05  2.929E-03  2.929E-03  6.182E-04  6.182E-04
    41  2.7000E+05  2.903E-03  2.903E-03  4.135E-04  4.135E-04
    42  2.0000E+05  3.069E-03  3.069E-03  4.216E-04  4.216E-04
    43  1.4900E+05  3.084E-03  3.084E-03  8.299E-04  8.299E-04
    44  1.2830E+05  2.934E-03  2.934E-03  4.982E-04  4.982E-04
    45  1.0000E+05  2.890E-03  2.890E-03  7.641E-04  7.641E-04
    46  8.5000E+04  3.211E-03  3.211E-03  3.456E-03  3.456E-03
    47  8.2000E+04  3.189E-03  3.189E-03  1.392E-03  1.392E-03
    48  7.5000E+04  3.121E-03  3.121E-03  4.596E-03  4.596E-03
    49  7.3000E+04  3.096E-03  3.096E-03  6.335E-04  6.335E-04
    50  6.0000E+04  3.053E-03  3.053E-03  8.685E-04  8.685E-04
    51  5.2000E+04  2.879E-03  2.879E-03  3.169E-03  3.169E-03
    52  5.0000E+04  2.801E-03  2.801E-03  1.180E-03  1.180E-03
    53  4.5000E+04  3.021E-03  3.021E-03  3.067E-04  3.067E-04
    54  3.0000E+04  2.980E-03  2.980E-03  3.070E-04  3.070E-04
    55  2.0000E+04  2.977E-03  2.977E-03  7.668E-04  7.668E-04
    56  1.7000E+04  2.960E-03  2.960E-03  4.648E-04  4.648E-04
    57  1.3000E+04  2.948E-03  2.948E-03  3.979E-04  3.979E-04
    58  9.5000E+03  2.940E-03  2.940E-03  7.432E-04  7.432E-04
    59  8.0300E+03  2.931E-03  2.931E-03  3.649E-04  3.649E-04
    60  5.7000E+03  2.920E-03  2.920E-03  3.300E-04  3.300E-04
    61  3.9000E+03  2.917E-03  2.917E-03  2.995E-03  2.995E-03
    62  3.7400E+03  2.910E-03  2.910E-03  5.692E-04  5.692E-04
    63  3.0000E+03  2.902E-03  2.902E-03  6.890E-04  6.890E-04
    64  2.5000E+03  2.902E-03  2.902E-03  1.194E-03  1.194E-03
    65  2.2500E+03  2.894E-03  2.894E-03  5.598E-03  5.598E-03
    66  2.2000E+03  2.892E-03  2.892E-03  6.273E-04  6.273E-04
    67  1.8000E+03  2.888E-03  2.888E-03  8.430E-04  8.430E-04
    68  1.5500E+03  2.879E-03  2.879E-03  3.846E-03  3.846E-03
    69  1.5000E+03  2.878E-03  2.878E-03  4.753E-04  4.753E-04
    70  1.1500E+03  2.871E-03  2.871E-03  6.622E-04  6.622E-04
    71  9.5000E+02  2.860E-03  2.860E-03  3.842E-04  3.842E-04
    72  6.8300E+02  2.825E-03  2.825E-03  6.604E-03  6.604E-03
    73  6.7000E+02  2.851E-03  2.851E-03  6.444E-04  6.444E-04
    74  5.5000E+02  2.829E-03  2.829E-03  2.163E-04  2.163E-04
    75  3.0500E+02  2.797E-03  2.797E-03  1.893E-03  1.893E-03
    76  2.8500E+02  2.801E-03  2.801E-03  7.494E-04  7.494E-04
    77  2.4000E+02  2.776E-03  2.776E-03  1.484E-03  1.484E-03
    78  2.2000E+02  2.809E-03  2.809E-03  2.654E-03  2.654E-03
    79  2.0950E+02  2.791E-03  2.791E-03  1.289E-02  1.289E-02
    80  2.0740E+02  2.790E-03  2.790E-03  4.923E-03  4.923E-03
    81  2.0200E+02  2.747E-03  2.747E-03  2.824E-03  2.824E-03
    82  1.9300E+02  2.640E-03  2.640E-03  1.612E-02  1.612E-02
    83  1.9150E+02  2.811E-03  2.811E-03  8.255E-03  8.255E-03
    84  1.8850E+02  2.771E-03  2.771E-03  3.064E-02  3.064E-02
    85  1.8770E+02  2.780E-03  2.780E-03  3.111E-03  3.111E-03
    86  1.8000E+02  2.724E-03  2.724E-03  2.269E-03  2.269E-03
    87  1.7000E+02  2.775E-03  2.775E-03  7.540E-04  7.540E-04
    88  1.4300E+02  2.752E-03  2.752E-03  8.233E-04  8.233E-04
    89  1.2200E+02  2.651E-03  2.651E-03  5.129E-03  5.129E-03
    90  1.1900E+02  2.764E-03  2.764E-03  1.039E-02  1.039E-02
    91  1.1750E+02  2.745E-03  2.745E-03  1.026E-02  1.026E-02
    92  1.1600E+02  2.672E-03  2.672E-03  4.959E-03  4.959E-03
    93  1.1300E+02  2.718E-03  2.718E-03  2.895E-03  2.895E-03
    94  1.0800E+02  2.733E-03  2.733E-03  4.695E-03  4.695E-03
    95  1.0500E+02  2.730E-03  2.730E-03  3.587E-03  3.587E-03
    96  1.0120E+02  2.727E-03  2.727E-03  3.119E-03  3.119E-03
    97  9.7000E+01  2.725E-03  2.725E-03  1.763E-03  1.763E-03
    98  9.0000E+01  2.724E-03  2.724E-03  1.367E-03  1.367E-03
    99  8.1700E+01  2.724E-03  2.724E-03  6.287E-03  6.287E-03
   100  8.0000E+01  2.722E-03  2.722E-03  2.581E-03  2.581E-03
   101  7.6000E+01  2.717E-03  2.717E-03  2.453E-03  2.453E-03
   102  7.2000E+01  2.639E-03  2.639E-03  2.015E-03  2.015E-03
   103  6.7500E+01  2.699E-03  2.699E-03  3.538E-03  3.538E-03
   104  6.5000E+01  2.698E-03  2.698E-03  4.279E-03  4.279E-03
   105  6.3000E+01  2.695E-03  2.695E-03  4.147E-03  4.147E-03
   106  6.1000E+01  2.611E-03  2.611E-03  2.597E-03  2.597E-03
   107  5.8000E+01  2.674E-03  2.674E-03  1.627E-03  1.627E-03
   108  5.3400E+01  2.672E-03  2.672E-03  2.495E-03  2.495E-03
   109  5.0600E+01  2.666E-03  2.666E-03  2.888E-03  2.888E-03
   110  4.8300E+01  2.669E-03  2.669E-03  2.025E-03  2.025E-03
   111  4.5200E+01  2.668E-03  2.668E-03  4.994E-03  4.994E-03
   112  4.4000E+01  2.659E-03  2.659E-03  3.626E-03  3.626E-03
   113  4.2400E+01  2.672E-03  2.672E-03  3.999E-03  3.999E-03
   114  4.1000E+01  2.668E-03  2.668E-03  3.867E-03  3.867E-03
   115  3.9600E+01  2.667E-03  2.667E-03  1.057E-02  1.057E-02
   116  3.9100E+01  2.668E-03  2.668E-03  4.706E-03  4.706E-03
   117  3.8000E+01  2.666E-03  2.666E-03  1.373E-02  1.373E-02
   118  3.7630E+01  2.666E-03  2.666E-03  1.398E-02  1.398E-02
   119  3.7270E+01  2.667E-03  2.667E-03  3.571E-02  3.571E-02
   120  3.7130E+01  2.667E-03  2.667E-03  3.832E-02  3.832E-02
   121  3.7000E+01  2.665E-03  2.665E-03  4.908E-03  4.908E-03
   122  3.6000E+01  2.666E-03  2.666E-03  9.617E-03  9.617E-03
   123  3.5500E+01  2.666E-03  2.666E-03  9.486E-03  9.486E-03
   124  3.5000E+01  2.664E-03  2.664E-03  3.699E-03  3.699E-03
   125  3.3750E+01  2.664E-03  2.664E-03  9.002E-03  9.002E-03
   126  3.3250E+01  2.663E-03  2.663E-03  2.908E-03  2.908E-03
   127  3.1750E+01  2.660E-03  2.660E-03  8.442E-03  8.442E-03
   128  3.1250E+01  2.660E-03  2.660E-03  3.278E-03  3.278E-03
   129  3.0000E+01  2.661E-03  2.661E-03  1.543E-03  1.543E-03
   130  2.7500E+01  2.658E-03  2.658E-03  1.419E-03  1.419E-03
   131  2.5000E+01  2.535E-03  2.535E-03  1.257E-03  1.257E-03
   132  2.2500E+01  2.430E-03  2.430E-03  3.889E-03  3.889E-03
   133  2.1750E+01  2.437E-03  2.437E-03  5.195E-03  5.195E-03
   134  2.1200E+01  2.551E-03  2.551E-03  4.146E-03  4.146E-03
   135  2.0500E+01  2.554E-03  2.554E-03  5.647E-03  5.647E-03
   136  2.0000E+01  2.550E-03  2.550E-03  4.580E-03  4.580E-03
   137  1.9400E+01  2.539E-03  2.539E-03  2.941E-03  2.941E-03
   138  1.8500E+01  2.537E-03  2.537E-03  1.649E-03  1.649E-03
   139  1.7000E+01  2.531E-03  2.531E-03  2.303E-03  2.303E-03
   140  1.6000E+01  2.533E-03  2.533E-03  1.323E-03  1.323E-03
   141  1.4400E+01  2.532E-03  2.532E-03  1.267E-03  1.267E-03
   142  1.2900E+01  2.527E-03  2.527E-03  1.727E-03  1.727E-03
   143  1.1900E+01  2.530E-03  2.530E-03  4.068E-03  4.068E-03
   144  1.1500E+01  2.521E-03  2.521E-03  9.962E-04  9.962E-04
   145  1.0000E+01  2.521E-03  2.521E-03  1.473E-03  1.473E-03
   146  9.1000E+00  2.517E-03  2.517E-03  1.192E-03  1.192E-03
   147  8.1000E+00  2.515E-03  2.515E-03  1.112E-03  1.112E-03
   148  7.1500E+00  2.510E-03  2.510E-03  6.546E-03  6.546E-03
   149  7.0000E+00  2.495E-03  2.495E-03  7.719E-03  7.719E-03
   150  6.8750E+00  2.484E-03  2.484E-03  7.600E-03  7.600E-03
   151  6.7500E+00  2.497E-03  2.497E-03  3.685E-03  3.685E-03
   152  6.5000E+00  2.503E-03  2.503E-03  3.541E-03  3.541E-03
   153  6.2500E+00  2.503E-03  2.503E-03  3.403E-03  3.403E-03
   154  6.0000E+00  2.496E-03  2.496E-03  1.318E-03  1.318E-03
   155  5.4000E+00  2.450E-03  2.450E-03  1.786E-03  1.786E-03
   156  5.0000E+00  2.639E-03  2.639E-03  2.256E-03  2.256E-03
   157  4.7000E+00  2.731E-03  2.731E-03  1.021E-03  1.021E-03
   158  4.1000E+00  2.665E-03  2.665E-03  1.475E-03  1.475E-03
   159  3.7300E+00  2.467E-03  2.467E-03  2.194E-03  2.194E-03
   160  3.5000E+00  2.490E-03  2.490E-03  1.555E-03  1.555E-03
   161  3.2000E+00  2.572E-03  2.572E-03  4.391E-03  4.391E-03
   162  3.1000E+00  2.715E-03  2.715E-03  4.251E-03  4.251E-03
   163  3.0000E+00  2.823E-03  2.823E-03  1.387E-02  1.387E-02
   164  2.9700E+00  2.657E-03  2.657E-03  4.068E-03  4.068E-03
   165  2.8700E+00  2.609E-03  2.609E-03  3.926E-03  3.926E-03
   166  2.7700E+00  2.617E-03  2.617E-03  3.789E-03  3.789E-03
   167  2.6700E+00  2.623E-03  2.623E-03  3.650E-03  3.650E-03
   168  2.5700E+00  2.628E-03  2.628E-03  3.509E-03  3.509E-03
   169  2.4700E+00  2.627E-03  2.627E-03  3.752E-03  3.752E-03
   170  2.3800E+00  2.612E-03  2.612E-03  4.078E-03  4.078E-03
   171  2.3000E+00  2.612E-03  2.612E-03  3.498E-03  3.498E-03
   172  2.2100E+00  2.632E-03  2.632E-03  3.354E-03  3.354E-03
   173  2.1200E+00  2.647E-03  2.647E-03  2.391E-03  2.391E-03
   174  2.0000E+00  2.676E-03  2.676E-03  4.575E-03  4.575E-03
   175  1.9400E+00  2.674E-03  2.674E-03  3.312E-03  3.312E-03
   176  1.8600E+00  2.676E-03  2.676E-03  2.815E-03  2.815E-03
   177  1.7700E+00  2.690E-03  2.690E-03  2.666E-03  2.666E-03
   178  1.6800E+00  2.709E-03  2.709E-03  2.510E-03  2.510E-03
   179  1.5900E+00  2.738E-03  2.738E-03  2.371E-03  2.371E-03
   180  1.5000E+00  2.755E-03  2.755E-03  4.071E-03  4.071E-03
   181  1.4500E+00  2.767E-03  2.767E-03  3.927E-03  3.927E-03
   182  1.4000E+00  2.777E-03  2.777E-03  3.782E-03  3.782E-03
   183  1.3500E+00  2.791E-03  2.791E-03  3.639E-03  3.639E-03
   184  1.3000E+00  2.812E-03  2.812E-03  3.502E-03  3.502E-03
   185  1.2500E+00  2.830E-03  2.830E-03  6.798E-03  6.798E-03
   186  1.2250E+00  2.843E-03  2.843E-03  6.659E-03  6.659E-03
   187  1.2000E+00  2.857E-03  2.857E-03  6.519E-03  6.519E-03
   188  1.1750E+00  2.872E-03  2.872E-03  6.380E-03  6.380E-03
   189  1.1500E+00  2.883E-03  2.883E-03  1.571E-02  1.571E-02
   190  1.1400E+00  2.890E-03  2.890E-03  1.557E-02  1.557E-02
   191  1.1300E+00  2.897E-03  2.897E-03  1.543E-02  1.543E-02
   192  1.1200E+00  2.904E-03  2.904E-03  1.529E-02  1.529E-02
   193  1.1100E+00  2.912E-03  2.912E-03  1.515E-02  1.515E-02
   194  1.1000E+00  2.920E-03  2.920E-03  1.501E-02  1.501E-02
   195  1.0900E+00  2.928E-03  2.928E-03  1.487E-02  1.487E-02
   196  1.0800E+00  2.937E-03  2.937E-03  1.473E-02  1.473E-02
   197  1.0700E+00  2.946E-03  2.946E-03  1.459E-02  1.459E-02
   198  1.0600E+00  2.955E-03  2.955E-03  1.445E-02  1.445E-02
   199  1.0500E+00  2.965E-03  2.965E-03  1.432E-02  1.432E-02
   200  1.0400E+00  2.976E-03  2.976E-03  1.418E-02  1.418E-02
   201  1.0300E+00  2.987E-03  2.987E-03  1.404E-02  1.404E-02
   202  1.0200E+00  2.999E-03  2.999E-03  1.390E-02  1.390E-02
   203  1.0100E+00  3.012E-03  3.012E-03  1.376E-02  1.376E-02
   204  1.0000E+00  3.037E-03  3.037E-03  5.408E-03  5.408E-03
   205  9.7500E-01  3.078E-03  3.078E-03  5.269E-03  5.269E-03
   206  9.5000E-01  3.124E-03  3.124E-03  5.131E-03  5.131E-03
   207  9.2500E-01  3.178E-03  3.178E-03  4.993E-03  4.993E-03
   208  9.0000E-01  3.275E-03  3.275E-03  2.393E-03  2.393E-03
   209  8.5000E-01  3.443E-03  3.443E-03  2.255E-03  2.255E-03
   210  8.0000E-01  3.680E-03  3.680E-03  2.117E-03  2.117E-03
   211  7.5000E-01  4.025E-03  4.025E-03  1.980E-03  1.980E-03
   212  7.0000E-01  4.519E-03  4.519E-03  1.842E-03  1.842E-03
   213  6.5000E-01  5.010E-03  5.010E-03  3.480E-03  3.480E-03
   214  6.2500E-01  5.431E-03  5.431E-03  3.343E-03  3.343E-03
   215  6.0000E-01  6.222E-03  6.222E-03  1.568E-03  1.568E-03
   216  5.5000E-01  7.615E-03  7.615E-03  1.431E-03  1.431E-03
   217  5.0000E-01  9.509E-03  9.509E-03  1.294E-03  1.294E-03
   218  4.5000E-01  1.201E-02  1.201E-02  1.157E-03  1.157E-03
   219  4.0000E-01  1.428E-02  1.428E-02  2.111E-03  2.111E-03
   220  3.7500E-01  1.607E-02  1.607E-02  1.974E-03  1.974E-03
   221  3.5000E-01  1.799E-02  1.799E-02  1.837E-03  1.837E-03
   222  3.2500E-01  2.001E-02  2.001E-02  1.700E-03  1.700E-03
   223  3.0000E-01  2.207E-02  2.207E-02  1.564E-03  1.564E-03
   224  2.7500E-01  2.407E-02  2.407E-02  1.427E-03  1.427E-03
   225  2.5000E-01  2.581E-02  2.581E-02  1.290E-03  1.290E-03
   226  2.2500E-01  2.717E-02  2.717E-02  1.154E-03  1.154E-03
   227  2.0000E-01  2.784E-02  2.784E-02  1.017E-03  1.017E-03
   228  1.7500E-01  2.755E-02  2.755E-02  8.802E-04  8.802E-04
   229  1.5000E-01  2.598E-02  2.598E-02  7.437E-04  7.437E-04
   230  1.2500E-01  2.321E-02  2.321E-02  6.072E-04  6.072E-04
   231  1.0000E-01  2.045E-02  2.045E-02  1.286E-03  1.286E-03
   232  9.0000E-02  1.833E-02  1.833E-02  1.150E-03  1.150E-03
   233  8.0000E-02  1.588E-02  1.588E-02  1.014E-03  1.014E-03
   234  7.0000E-02  1.329E-02  1.329E-02  8.783E-04  8.783E-04
   235  6.0000E-02  1.060E-02  1.060E-02  7.426E-04  7.426E-04
   236  5.0000E-02  7.900E-03  7.900E-03  6.067E-04  6.067E-04
   237  4.0000E-02  5.268E-03  5.268E-03  4.706E-04  4.706E-04
   238  3.0000E-02  3.582E-03  3.582E-03  7.946E-04  7.946E-04
   239  2.5300E-02  1.483E-03  1.483E-03  1.459E-04  1.459E-04
   240  1.0000E-02  4.239E-04  4.239E-04  4.706E-04  4.706E-04
   241  7.5000E-03  2.228E-04  2.228E-04  3.338E-04  3.338E-04
   242  5.0000E-03  1.189E-04  1.189E-04  6.065E-04  6.065E-04
   243  4.0000E-03  7.255E-05  7.255E-05  4.704E-04  4.704E-04
   244  3.0000E-03  4.537E-05  4.537E-05  7.420E-04  7.420E-04
   245  2.5000E-03  3.045E-05  3.045E-05  6.062E-04  6.062E-04
   246  2.0000E-03  1.790E-05  1.790E-05  4.702E-04  4.702E-04
   247  1.5000E-03  9.228E-06  9.228E-06  6.065E-04  6.065E-04
   248  1.2000E-03  5.341E-06  5.341E-06  7.426E-04  7.426E-04
   249  1.0000E-03  2.874E-06  2.874E-06  4.709E-04  4.709E-04
   250  7.5000E-04  1.181E-06  1.181E-06  3.344E-04  3.344E-04
   251  5.0000E-04  1.009E-07  1.009E-07  8.454E-05  8.454E-05
   252  1.0000E-04  2.532E-10  2.532E-10  5.985E-05  5.985E-05

