
     1  2.0000E+07  0.000E+00  0.000E+00  6.555E-04  6.555E-04
     2  1.7330E+07  0.000E+00  0.000E+00  9.622E-04  9.622E-04
     3  1.5680E+07  0.000E+00  0.000E+00  1.305E-03  1.305E-03
     4  1.4550E+07  5.271E-10  5.271E-10  1.930E-03  1.930E-03
     5  1.3840E+07  2.781E-06  2.781E-06  1.266E-03  1.266E-03
     6  1.2840E+07  2.357E-05  2.357E-05  3.734E-04  3.734E-04
     7  1.0000E+07  9.376E-05  9.376E-05  4.612E-04  4.612E-04
     8  8.1870E+06  3.384E-04  3.384E-04  4.322E-04  4.322E-04
     9  6.4340E+06  9.343E-04  9.343E-04  3.646E-04  3.646E-04
    10  4.8000E+06  1.511E-03  1.511E-03  9.841E-04  9.841E-04
    11  4.3040E+06  1.922E-03  1.922E-03  2.974E-04  2.974E-04
    12  3.0000E+06  3.312E-03  3.312E-03  5.606E-04  5.606E-04
    13  2.4790E+06  4.310E-03  4.310E-03  2.063E-03  2.063E-03
    14  2.3540E+06  5.255E-03  5.255E-03  4.420E-04  4.420E-04
    15  1.8500E+06  6.136E-03  6.136E-03  5.057E-04  5.057E-04
    16  1.5000E+06  6.371E-03  6.371E-03  1.534E-03  1.534E-03
    17  1.4000E+06  6.315E-03  6.315E-03  3.311E-03  3.311E-03
    18  1.3560E+06  6.315E-03  6.315E-03  3.622E-03  3.622E-03
    19  1.3170E+06  6.274E-03  6.274E-03  2.024E-03  2.024E-03
    20  1.2500E+06  6.275E-03  6.275E-03  2.589E-03  2.589E-03
    21  1.2000E+06  6.403E-03  6.403E-03  1.214E-03  1.214E-03
    22  1.1000E+06  6.467E-03  6.467E-03  1.238E-03  1.238E-03
    23  1.0100E+06  6.407E-03  6.407E-03  1.132E-03  1.132E-03
    24  9.2000E+05  6.367E-03  6.367E-03  4.808E-03  4.808E-03
    25  9.0000E+05  6.399E-03  6.399E-03  3.752E-03  3.752E-03
    26  8.7500E+05  6.380E-03  6.380E-03  6.600E-03  6.600E-03
    27  8.6110E+05  6.386E-03  6.386E-03  2.161E-03  2.161E-03
    28  8.2000E+05  6.399E-03  6.399E-03  1.185E-03  1.185E-03
    29  7.5000E+05  6.371E-03  6.371E-03  1.063E-03  1.063E-03
    30  6.7900E+05  6.324E-03  6.324E-03  7.923E-03  7.923E-03
    31  6.7000E+05  6.222E-03  6.222E-03  9.580E-04  9.580E-04
    32  6.0000E+05  6.144E-03  6.144E-03  2.296E-03  2.296E-03
    33  5.7300E+05  6.156E-03  6.156E-03  2.581E-03  2.581E-03
    34  5.5000E+05  6.014E-03  6.014E-03  9.489E-04  9.489E-04
    35  4.9200E+05  5.994E-03  5.994E-03  2.312E-03  2.312E-03
    36  4.7000E+05  5.824E-03  5.824E-03  1.603E-03  1.603E-03
    37  4.4000E+05  5.557E-03  5.557E-03  2.273E-03  2.273E-03
    38  4.2000E+05  5.546E-03  5.546E-03  2.168E-03  2.168E-03
    39  4.0000E+05  5.347E-03  5.347E-03  5.498E-04  5.498E-04
    40  3.3000E+05  4.925E-03  4.925E-03  5.271E-04  5.271E-04
    41  2.7000E+05  4.895E-03  4.895E-03  3.525E-04  3.525E-04
    42  2.0000E+05  5.120E-03  5.120E-03  3.595E-04  3.595E-04
    43  1.4900E+05  5.162E-03  5.162E-03  7.076E-04  7.076E-04
    44  1.2830E+05  4.897E-03  4.897E-03  4.248E-04  4.248E-04
    45  1.0000E+05  4.875E-03  4.875E-03  6.515E-04  6.515E-04
    46  8.5000E+04  5.378E-03  5.378E-03  2.947E-03  2.947E-03
    47  8.2000E+04  5.309E-03  5.309E-03  1.187E-03  1.187E-03
    48  7.5000E+04  5.197E-03  5.197E-03  3.919E-03  3.919E-03
    49  7.3000E+04  5.176E-03  5.176E-03  5.402E-04  5.402E-04
    50  6.0000E+04  5.122E-03  5.122E-03  7.405E-04  7.405E-04
    51  5.2000E+04  4.817E-03  4.817E-03  2.702E-03  2.702E-03
    52  5.0000E+04  4.628E-03  4.628E-03  1.006E-03  1.006E-03
    53  4.5000E+04  5.067E-03  5.067E-03  2.616E-04  2.616E-04
    54  3.0000E+04  5.008E-03  5.008E-03  2.619E-04  2.619E-04
    55  2.0000E+04  5.024E-03  5.024E-03  6.546E-04  6.546E-04
    56  1.7000E+04  4.963E-03  4.963E-03  3.969E-04  3.969E-04
    57  1.3000E+04  4.940E-03  4.940E-03  3.399E-04  3.399E-04
    58  9.5000E+03  4.921E-03  4.921E-03  6.350E-04  6.350E-04
    59  8.0300E+03  4.905E-03  4.905E-03  3.119E-04  3.119E-04
    60  5.7000E+03  4.877E-03  4.877E-03  2.823E-04  2.823E-04
    61  3.9000E+03  4.872E-03  4.872E-03  2.562E-03  2.562E-03
    62  3.7400E+03  4.849E-03  4.849E-03  4.871E-04  4.871E-04
    63  3.0000E+03  4.836E-03  4.836E-03  5.902E-04  5.902E-04
    64  2.5000E+03  4.810E-03  4.810E-03  1.022E-03  1.022E-03
    65  2.2500E+03  4.830E-03  4.830E-03  4.799E-03  4.799E-03
    66  2.2000E+03  4.806E-03  4.806E-03  5.378E-04  5.378E-04
    67  1.8000E+03  4.787E-03  4.787E-03  7.228E-04  7.228E-04
    68  1.5500E+03  4.780E-03  4.780E-03  3.302E-03  3.302E-03
    69  1.5000E+03  4.763E-03  4.763E-03  4.080E-04  4.080E-04
    70  1.1500E+03  4.726E-03  4.726E-03  5.691E-04  5.691E-04
    71  9.5000E+02  4.701E-03  4.701E-03  3.308E-04  3.308E-04
    72  6.8300E+02  4.681E-03  4.681E-03  5.724E-03  5.724E-03
    73  6.7000E+02  4.653E-03  4.653E-03  5.561E-04  5.561E-04
    74  5.5000E+02  4.599E-03  4.599E-03  1.872E-04  1.872E-04
    75  3.0500E+02  4.533E-03  4.533E-03  1.636E-03  1.636E-03
    76  2.8500E+02  4.519E-03  4.519E-03  6.502E-04  6.502E-04
    77  2.4000E+02  4.465E-03  4.465E-03  1.285E-03  1.285E-03
    78  2.2000E+02  4.474E-03  4.474E-03  2.308E-03  2.308E-03
    79  2.0950E+02  3.718E-03  3.718E-03  1.042E-02  1.042E-02
    80  2.0740E+02  4.660E-03  4.660E-03  4.292E-03  4.292E-03
    81  2.0200E+02  4.443E-03  4.443E-03  2.487E-03  2.487E-03
    82  1.9300E+02  4.317E-03  4.317E-03  1.447E-02  1.447E-02
    83  1.9150E+02  3.574E-03  3.574E-03  6.910E-03  6.910E-03
    84  1.8850E+02  5.510E-03  5.510E-03  2.638E-02  2.638E-02
    85  1.8770E+02  4.634E-03  4.634E-03  2.714E-03  2.714E-03
    86  1.8000E+02  4.427E-03  4.427E-03  1.993E-03  1.993E-03
    87  1.7000E+02  4.392E-03  4.392E-03  6.565E-04  6.565E-04
    88  1.4300E+02  4.389E-03  4.389E-03  7.206E-04  7.206E-04
    89  1.2200E+02  4.368E-03  4.368E-03  4.618E-03  4.618E-03
    90  1.1900E+02  4.259E-03  4.259E-03  8.976E-03  8.976E-03
    91  1.1750E+02  3.561E-03  3.561E-03  7.942E-03  7.942E-03
    92  1.1600E+02  4.497E-03  4.497E-03  4.414E-03  4.414E-03
    93  1.1300E+02  4.335E-03  4.335E-03  2.555E-03  2.555E-03
    94  1.0800E+02  4.307E-03  4.307E-03  4.109E-03  4.109E-03
    95  1.0500E+02  3.943E-03  3.943E-03  3.000E-03  3.000E-03
    96  1.0120E+02  4.410E-03  4.410E-03  2.757E-03  2.757E-03
    97  9.7000E+01  4.263E-03  4.263E-03  1.561E-03  1.561E-03
    98  9.0000E+01  4.241E-03  4.241E-03  1.210E-03  1.210E-03
    99  8.1700E+01  3.997E-03  3.997E-03  5.305E-03  5.305E-03
   100  8.0000E+01  4.219E-03  4.219E-03  2.305E-03  2.305E-03
   101  7.6000E+01  4.205E-03  4.205E-03  2.194E-03  2.194E-03
   102  7.2000E+01  4.196E-03  4.196E-03  1.840E-03  1.840E-03
   103  6.7500E+01  3.744E-03  3.744E-03  2.888E-03  2.888E-03
   104  6.5000E+01  4.185E-03  4.185E-03  3.835E-03  3.835E-03
   105  6.3000E+01  4.127E-03  4.127E-03  3.731E-03  3.731E-03
   106  6.1000E+01  4.107E-03  4.107E-03  2.389E-03  2.389E-03
   107  5.8000E+01  4.076E-03  4.076E-03  1.461E-03  1.461E-03
   108  5.3400E+01  4.059E-03  4.059E-03  2.238E-03  2.238E-03
   109  5.0600E+01  4.047E-03  4.047E-03  2.564E-03  2.564E-03
   110  4.8300E+01  4.056E-03  4.056E-03  1.811E-03  1.811E-03
   111  4.5200E+01  4.050E-03  4.050E-03  4.491E-03  4.491E-03
   112  4.4000E+01  4.047E-03  4.047E-03  3.266E-03  3.266E-03
   113  4.2400E+01  4.027E-03  4.027E-03  3.616E-03  3.616E-03
   114  4.1000E+01  4.027E-03  4.027E-03  3.508E-03  3.508E-03
   115  3.9600E+01  3.964E-03  3.964E-03  9.592E-03  9.592E-03
   116  3.9100E+01  3.982E-03  3.982E-03  4.265E-03  4.265E-03
   117  3.8000E+01  3.901E-03  3.901E-03  1.232E-02  1.232E-02
   118  3.7630E+01  3.735E-03  3.735E-03  1.223E-02  1.223E-02
   119  3.7270E+01  3.377E-03  3.377E-03  2.955E-02  2.955E-02
   120  3.7130E+01  2.985E-03  2.985E-03  2.973E-02  2.973E-02
   121  3.7000E+01  3.097E-03  3.097E-03  3.682E-03  3.682E-03
   122  3.6000E+01  4.159E-03  4.159E-03  8.757E-03  8.757E-03
   123  3.5500E+01  3.778E-03  3.778E-03  8.860E-03  8.860E-03
   124  3.5000E+01  3.820E-03  3.820E-03  3.458E-03  3.458E-03
   125  3.3750E+01  3.811E-03  3.811E-03  8.420E-03  8.420E-03
   126  3.3250E+01  3.831E-03  3.831E-03  2.739E-03  2.739E-03
   127  3.1750E+01  3.834E-03  3.834E-03  7.978E-03  7.978E-03
   128  3.1250E+01  3.812E-03  3.812E-03  3.104E-03  3.104E-03
   129  3.0000E+01  3.790E-03  3.790E-03  1.444E-03  1.444E-03
   130  2.7500E+01  3.768E-03  3.768E-03  1.329E-03  1.329E-03
   131  2.5000E+01  3.750E-03  3.750E-03  1.217E-03  1.217E-03
   132  2.2500E+01  3.728E-03  3.728E-03  3.802E-03  3.802E-03
   133  2.1750E+01  3.527E-03  3.527E-03  4.861E-03  4.861E-03
   134  2.1200E+01  2.657E-03  2.657E-03  2.993E-03  2.993E-03
   135  2.0500E+01  3.548E-03  3.548E-03  5.273E-03  5.273E-03
   136  2.0000E+01  3.512E-03  3.512E-03  4.421E-03  4.421E-03
   137  1.9400E+01  3.472E-03  3.472E-03  2.853E-03  2.853E-03
   138  1.8500E+01  3.494E-03  3.494E-03  1.608E-03  1.608E-03
   139  1.7000E+01  3.451E-03  3.451E-03  2.241E-03  2.241E-03
   140  1.6000E+01  3.428E-03  3.428E-03  1.291E-03  1.291E-03
   141  1.4400E+01  3.439E-03  3.439E-03  1.241E-03  1.241E-03
   142  1.2900E+01  3.380E-03  3.380E-03  1.684E-03  1.684E-03
   143  1.1900E+01  3.355E-03  3.355E-03  3.946E-03  3.946E-03
   144  1.1500E+01  3.394E-03  3.394E-03  9.806E-04  9.806E-04
   145  1.0000E+01  3.368E-03  3.368E-03  1.451E-03  1.451E-03
   146  9.1000E+00  3.296E-03  3.296E-03  1.171E-03  1.171E-03
   147  8.1000E+00  3.308E-03  3.308E-03  1.125E-03  1.125E-03
   148  7.1500E+00  3.170E-03  3.170E-03  6.605E-03  6.605E-03
   149  7.0000E+00  2.995E-03  2.995E-03  7.438E-03  7.438E-03
   150  6.8750E+00  2.401E-03  2.401E-03  6.112E-03  6.112E-03
   151  6.7500E+00  2.209E-03  2.209E-03  2.935E-03  2.935E-03
   152  6.5000E+00  2.766E-03  2.766E-03  3.674E-03  3.674E-03
   153  6.2500E+00  2.929E-03  2.929E-03  3.803E-03  3.803E-03
   154  6.0000E+00  2.906E-03  2.906E-03  1.496E-03  1.496E-03
   155  5.4000E+00  2.843E-03  2.843E-03  2.060E-03  2.060E-03
   156  5.0000E+00  2.969E-03  2.969E-03  2.557E-03  2.557E-03
   157  4.7000E+00  3.135E-03  3.135E-03  1.166E-03  1.166E-03
   158  4.1000E+00  3.055E-03  3.055E-03  1.687E-03  1.687E-03
   159  3.7300E+00  2.811E-03  2.811E-03  2.506E-03  2.506E-03
   160  3.5000E+00  2.849E-03  2.849E-03  1.784E-03  1.784E-03
   161  3.2000E+00  2.923E-03  2.923E-03  5.037E-03  5.037E-03
   162  3.1000E+00  3.074E-03  3.074E-03  4.880E-03  4.880E-03
   163  3.0000E+00  3.195E-03  3.195E-03  1.592E-02  1.592E-02
   164  2.9700E+00  3.021E-03  3.021E-03  4.673E-03  4.673E-03
   165  2.8700E+00  2.972E-03  2.972E-03  4.513E-03  4.513E-03
   166  2.7700E+00  2.979E-03  2.979E-03  4.353E-03  4.353E-03
   167  2.6700E+00  2.985E-03  2.985E-03  4.194E-03  4.194E-03
   168  2.5700E+00  2.992E-03  2.992E-03  4.035E-03  4.035E-03
   169  2.4700E+00  2.999E-03  2.999E-03  4.316E-03  4.316E-03
   170  2.3800E+00  3.005E-03  3.005E-03  4.686E-03  4.686E-03
   171  2.3000E+00  3.012E-03  3.012E-03  4.015E-03  4.015E-03
   172  2.2100E+00  3.019E-03  3.019E-03  3.854E-03  3.854E-03
   173  2.1200E+00  3.027E-03  3.027E-03  2.746E-03  2.746E-03
   174  2.0000E+00  3.074E-03  3.074E-03  5.261E-03  5.261E-03
   175  1.9400E+00  3.090E-03  3.090E-03  3.811E-03  3.811E-03
   176  1.8600E+00  3.115E-03  3.115E-03  3.238E-03  3.238E-03
   177  1.7700E+00  3.143E-03  3.143E-03  3.078E-03  3.078E-03
   178  1.6800E+00  3.168E-03  3.168E-03  2.918E-03  2.918E-03
   179  1.5900E+00  3.191E-03  3.191E-03  2.758E-03  2.758E-03
   180  1.5000E+00  3.207E-03  3.207E-03  4.742E-03  4.742E-03
   181  1.4500E+00  3.219E-03  3.219E-03  4.582E-03  4.582E-03
   182  1.4000E+00  3.230E-03  3.230E-03  4.421E-03  4.421E-03
   183  1.3500E+00  3.242E-03  3.242E-03  4.261E-03  4.261E-03
   184  1.3000E+00  3.254E-03  3.254E-03  4.100E-03  4.100E-03
   185  1.2500E+00  3.262E-03  3.262E-03  7.961E-03  7.961E-03
   186  1.2250E+00  3.265E-03  3.265E-03  7.801E-03  7.801E-03
   187  1.2000E+00  3.268E-03  3.268E-03  7.642E-03  7.642E-03
   188  1.1750E+00  3.272E-03  3.272E-03  7.484E-03  7.484E-03
   189  1.1500E+00  3.277E-03  3.277E-03  1.843E-02  1.843E-02
   190  1.1400E+00  3.280E-03  3.280E-03  1.827E-02  1.827E-02
   191  1.1300E+00  3.284E-03  3.284E-03  1.812E-02  1.812E-02
   192  1.1200E+00  3.289E-03  3.289E-03  1.796E-02  1.796E-02
   193  1.1100E+00  3.295E-03  3.295E-03  1.780E-02  1.780E-02
   194  1.1000E+00  3.301E-03  3.301E-03  1.764E-02  1.764E-02
   195  1.0900E+00  3.308E-03  3.308E-03  1.748E-02  1.748E-02
   196  1.0800E+00  3.315E-03  3.315E-03  1.732E-02  1.732E-02
   197  1.0700E+00  3.322E-03  3.322E-03  1.716E-02  1.716E-02
   198  1.0600E+00  3.330E-03  3.330E-03  1.700E-02  1.700E-02
   199  1.0500E+00  3.338E-03  3.338E-03  1.684E-02  1.684E-02
   200  1.0400E+00  3.346E-03  3.346E-03  1.668E-02  1.668E-02
   201  1.0300E+00  3.355E-03  3.355E-03  1.652E-02  1.652E-02
   202  1.0200E+00  3.364E-03  3.364E-03  1.636E-02  1.636E-02
   203  1.0100E+00  3.373E-03  3.373E-03  1.620E-02  1.620E-02
   204  1.0000E+00  3.390E-03  3.390E-03  6.366E-03  6.366E-03
   205  9.7500E-01  3.416E-03  3.416E-03  6.205E-03  6.205E-03
   206  9.5000E-01  3.443E-03  3.443E-03  6.044E-03  6.044E-03
   207  9.2500E-01  3.472E-03  3.472E-03  5.883E-03  5.883E-03
   208  9.0000E-01  3.521E-03  3.521E-03  2.820E-03  2.820E-03
   209  8.5000E-01  3.595E-03  3.595E-03  2.659E-03  2.659E-03
   210  8.0000E-01  3.692E-03  3.692E-03  2.498E-03  2.498E-03
   211  7.5000E-01  3.824E-03  3.824E-03  2.337E-03  2.337E-03
   212  7.0000E-01  3.996E-03  3.996E-03  2.176E-03  2.176E-03
   213  6.5000E-01  4.155E-03  4.155E-03  4.111E-03  4.111E-03
   214  6.2500E-01  4.288E-03  4.288E-03  3.950E-03  3.950E-03
   215  6.0000E-01  4.526E-03  4.526E-03  1.854E-03  1.854E-03
   216  5.5000E-01  4.928E-03  4.928E-03  1.692E-03  1.692E-03
   217  5.0000E-01  5.455E-03  5.455E-03  1.531E-03  1.531E-03
   218  4.5000E-01  6.120E-03  6.120E-03  1.370E-03  1.370E-03
   219  4.0000E-01  6.706E-03  6.706E-03  2.500E-03  2.500E-03
   220  3.7500E-01  7.154E-03  7.154E-03  2.339E-03  2.339E-03
   221  3.5000E-01  7.626E-03  7.626E-03  2.177E-03  2.177E-03
   222  3.2500E-01  8.108E-03  8.108E-03  2.016E-03  2.016E-03
   223  3.0000E-01  8.601E-03  8.601E-03  1.854E-03  1.854E-03
   224  2.7500E-01  9.076E-03  9.076E-03  1.692E-03  1.692E-03
   225  2.5000E-01  9.473E-03  9.473E-03  1.531E-03  1.531E-03
   226  2.2500E-01  9.740E-03  9.740E-03  1.370E-03  1.370E-03
   227  2.0000E-01  9.783E-03  9.783E-03  1.209E-03  1.209E-03
   228  1.7500E-01  9.500E-03  9.500E-03  1.048E-03  1.048E-03
   229  1.5000E-01  8.786E-03  8.786E-03  8.867E-04  8.867E-04
   230  1.2500E-01  7.693E-03  7.693E-03  7.253E-04  7.253E-04
   231  1.0000E-01  6.674E-03  6.674E-03  1.537E-03  1.537E-03
   232  9.0000E-02  5.917E-03  5.917E-03  1.376E-03  1.376E-03
   233  8.0000E-02  5.065E-03  5.065E-03  1.214E-03  1.214E-03
   234  7.0000E-02  4.178E-03  4.178E-03  1.053E-03  1.053E-03
   235  6.0000E-02  3.279E-03  3.279E-03  8.907E-04  8.907E-04
   236  5.0000E-02  2.395E-03  2.395E-03  7.283E-04  7.283E-04
   237  4.0000E-02  1.557E-03  1.557E-03  5.652E-04  5.652E-04
   238  3.0000E-02  1.036E-03  1.036E-03  9.547E-04  9.547E-04
   239  2.5300E-02  4.117E-04  4.117E-04  1.752E-04  1.752E-04
   240  1.0000E-02  1.119E-04  1.119E-04  5.650E-04  5.650E-04
   241  7.5000E-03  5.802E-05  5.802E-05  4.007E-04  4.007E-04
   242  5.0000E-03  3.054E-05  3.054E-05  7.279E-04  7.279E-04
   243  4.0000E-03  1.865E-05  1.865E-05  5.644E-04  5.644E-04
   244  3.0000E-03  1.176E-05  1.176E-05  8.902E-04  8.902E-04
   245  2.5000E-03  7.993E-06  7.993E-06  7.271E-04  7.271E-04
   246  2.0000E-03  4.622E-06  4.622E-06  5.640E-04  5.640E-04
   247  1.5000E-03  2.278E-06  2.278E-06  7.275E-04  7.275E-04
   248  1.2000E-03  1.320E-06  1.320E-06  8.904E-04  8.904E-04
   249  1.0000E-03  6.936E-07  6.936E-07  5.643E-04  5.643E-04
   250  7.5000E-04  2.878E-07  2.878E-07  4.004E-04  4.004E-04
   251  5.0000E-04  2.448E-08  2.448E-08  1.010E-04  1.010E-04
   252  1.0000E-04  5.312E-11  5.312E-11  7.121E-05  7.121E-05


     1  2.0000E+07  0.000E+00  0.000E+00  6.591E-04  6.591E-04
     2  1.7330E+07  1.226E-11  1.226E-11  9.792E-04  9.792E-04
     3  1.5680E+07  3.528E-11  3.528E-11  1.320E-03  1.320E-03
     4  1.4550E+07  1.709E-08  1.709E-08  1.932E-03  1.932E-03
     5  1.3840E+07  2.856E-06  2.856E-06  1.267E-03  1.267E-03
     6  1.2840E+07  2.381E-05  2.381E-05  3.737E-04  3.737E-04
     7  1.0000E+07  9.453E-05  9.453E-05  4.616E-04  4.616E-04
     8  8.1870E+06  3.406E-04  3.406E-04  4.325E-04  4.325E-04
     9  6.4340E+06  9.396E-04  9.396E-04  3.647E-04  3.647E-04
    10  4.8000E+06  1.519E-03  1.519E-03  9.845E-04  9.845E-04
    11  4.3040E+06  1.931E-03  1.931E-03  2.975E-04  2.975E-04
    12  3.0000E+06  3.325E-03  3.325E-03  5.608E-04  5.608E-04
    13  2.4790E+06  4.328E-03  4.328E-03  2.063E-03  2.063E-03
    14  2.3540E+06  5.276E-03  5.276E-03  4.421E-04  4.421E-04
    15  1.8500E+06  6.159E-03  6.159E-03  5.058E-04  5.058E-04
    16  1.5000E+06  6.394E-03  6.394E-03  1.534E-03  1.534E-03
    17  1.4000E+06  6.338E-03  6.338E-03  3.312E-03  3.312E-03
    18  1.3560E+06  6.338E-03  6.338E-03  3.623E-03  3.623E-03
    19  1.3170E+06  6.297E-03  6.297E-03  2.024E-03  2.024E-03
    20  1.2500E+06  6.297E-03  6.297E-03  2.589E-03  2.589E-03
    21  1.2000E+06  6.426E-03  6.426E-03  1.215E-03  1.215E-03
    22  1.1000E+06  6.490E-03  6.490E-03  1.238E-03  1.238E-03
    23  1.0100E+06  6.430E-03  6.430E-03  1.132E-03  1.132E-03
    24  9.2000E+05  6.389E-03  6.389E-03  4.809E-03  4.809E-03
    25  9.0000E+05  6.421E-03  6.421E-03  3.752E-03  3.752E-03
    26  8.7500E+05  6.402E-03  6.402E-03  6.600E-03  6.600E-03
    27  8.6110E+05  6.408E-03  6.408E-03  2.161E-03  2.161E-03
    28  8.2000E+05  6.421E-03  6.421E-03  1.185E-03  1.185E-03
    29  7.5000E+05  6.392E-03  6.392E-03  1.063E-03  1.063E-03
    30  6.7900E+05  6.346E-03  6.346E-03  7.923E-03  7.923E-03
    31  6.7000E+05  6.243E-03  6.243E-03  9.581E-04  9.581E-04
    32  6.0000E+05  6.165E-03  6.165E-03  2.296E-03  2.296E-03
    33  5.7300E+05  6.177E-03  6.177E-03  2.581E-03  2.581E-03
    34  5.5000E+05  6.034E-03  6.034E-03  9.489E-04  9.489E-04
    35  4.9200E+05  6.014E-03  6.014E-03  2.312E-03  2.312E-03
    36  4.7000E+05  5.843E-03  5.843E-03  1.603E-03  1.603E-03
    37  4.4000E+05  5.575E-03  5.575E-03  2.274E-03  2.274E-03
    38  4.2000E+05  5.565E-03  5.565E-03  2.168E-03  2.168E-03
    39  4.0000E+05  5.365E-03  5.365E-03  5.498E-04  5.498E-04
    40  3.3000E+05  4.941E-03  4.941E-03  5.272E-04  5.272E-04
    41  2.7000E+05  4.911E-03  4.911E-03  3.525E-04  3.525E-04
    42  2.0000E+05  5.137E-03  5.137E-03  3.595E-04  3.595E-04
    43  1.4900E+05  5.178E-03  5.178E-03  7.076E-04  7.076E-04
    44  1.2830E+05  4.912E-03  4.912E-03  4.248E-04  4.248E-04
    45  1.0000E+05  4.891E-03  4.891E-03  6.515E-04  6.515E-04
    46  8.5000E+04  5.395E-03  5.395E-03  2.947E-03  2.947E-03
    47  8.2000E+04  5.327E-03  5.327E-03  1.187E-03  1.187E-03
    48  7.5000E+04  5.214E-03  5.214E-03  3.919E-03  3.919E-03
    49  7.3000E+04  5.192E-03  5.192E-03  5.402E-04  5.402E-04
    50  6.0000E+04  5.139E-03  5.139E-03  7.406E-04  7.406E-04
    51  5.2000E+04  4.833E-03  4.833E-03  2.703E-03  2.703E-03
    52  5.0000E+04  4.643E-03  4.643E-03  1.006E-03  1.006E-03
    53  4.5000E+04  5.084E-03  5.084E-03  2.616E-04  2.616E-04
    54  3.0000E+04  5.024E-03  5.024E-03  2.619E-04  2.619E-04
    55  2.0000E+04  5.003E-03  5.003E-03  6.546E-04  6.546E-04
    56  1.7000E+04  4.980E-03  4.980E-03  3.969E-04  3.969E-04
    57  1.3000E+04  4.956E-03  4.956E-03  3.399E-04  3.399E-04
    58  9.5000E+03  4.937E-03  4.937E-03  6.350E-04  6.350E-04
    59  8.0300E+03  4.921E-03  4.921E-03  3.119E-04  3.119E-04
    60  5.7000E+03  4.892E-03  4.892E-03  2.823E-04  2.823E-04
    61  3.9000E+03  4.887E-03  4.887E-03  2.562E-03  2.562E-03
    62  3.7400E+03  4.864E-03  4.864E-03  4.870E-04  4.870E-04
    63  3.0000E+03  4.852E-03  4.852E-03  5.902E-04  5.902E-04
    64  2.5000E+03  4.825E-03  4.825E-03  1.022E-03  1.022E-03
    65  2.2500E+03  4.846E-03  4.846E-03  4.799E-03  4.799E-03
    66  2.2000E+03  4.822E-03  4.822E-03  5.378E-04  5.378E-04
    67  1.8000E+03  4.803E-03  4.803E-03  7.228E-04  7.228E-04
    68  1.5500E+03  4.795E-03  4.795E-03  3.302E-03  3.302E-03
    69  1.5000E+03  4.778E-03  4.778E-03  4.079E-04  4.079E-04
    70  1.1500E+03  4.741E-03  4.741E-03  5.690E-04  5.690E-04
    71  9.5000E+02  4.715E-03  4.715E-03  3.307E-04  3.307E-04
    72  6.8300E+02  4.696E-03  4.696E-03  5.723E-03  5.723E-03
    73  6.7000E+02  4.668E-03  4.668E-03  5.561E-04  5.561E-04
    74  5.5000E+02  4.610E-03  4.610E-03  1.871E-04  1.871E-04
    75  3.0500E+02  4.548E-03  4.548E-03  1.636E-03  1.636E-03
    76  2.8500E+02  4.534E-03  4.534E-03  6.501E-04  6.501E-04
    77  2.4000E+02  4.479E-03  4.479E-03  1.285E-03  1.285E-03
    78  2.2000E+02  4.488E-03  4.488E-03  2.307E-03  2.307E-03
    79  2.0950E+02  3.731E-03  3.731E-03  1.042E-02  1.042E-02
    80  2.0740E+02  4.676E-03  4.676E-03  4.292E-03  4.292E-03
    81  2.0200E+02  4.457E-03  4.457E-03  2.487E-03  2.487E-03
    82  1.9300E+02  4.331E-03  4.331E-03  1.447E-02  1.447E-02
    83  1.9150E+02  3.581E-03  3.581E-03  6.909E-03  6.909E-03
    84  1.8850E+02  5.533E-03  5.533E-03  2.638E-02  2.638E-02
    85  1.8770E+02  4.649E-03  4.649E-03  2.714E-03  2.714E-03
    86  1.8000E+02  4.442E-03  4.442E-03  1.993E-03  1.993E-03
    87  1.7000E+02  4.406E-03  4.406E-03  6.564E-04  6.564E-04
    88  1.4300E+02  4.403E-03  4.403E-03  7.205E-04  7.205E-04
    89  1.2200E+02  4.382E-03  4.382E-03  4.617E-03  4.617E-03
    90  1.1900E+02  4.273E-03  4.273E-03  8.975E-03  8.975E-03
    91  1.1750E+02  3.574E-03  3.574E-03  7.944E-03  7.944E-03
    92  1.1600E+02  4.512E-03  4.512E-03  4.413E-03  4.413E-03
    93  1.1300E+02  4.349E-03  4.349E-03  2.555E-03  2.555E-03
    94  1.0800E+02  4.320E-03  4.320E-03  4.109E-03  4.109E-03
    95  1.0500E+02  3.949E-03  3.949E-03  2.998E-03  2.998E-03
    96  1.0120E+02  4.427E-03  4.427E-03  2.757E-03  2.757E-03
    97  9.7000E+01  4.276E-03  4.276E-03  1.561E-03  1.561E-03
    98  9.0000E+01  4.254E-03  4.254E-03  1.210E-03  1.210E-03
    99  8.1700E+01  4.010E-03  4.010E-03  5.304E-03  5.304E-03
   100  8.0000E+01  4.233E-03  4.233E-03  2.305E-03  2.305E-03
   101  7.6000E+01  4.218E-03  4.218E-03  2.194E-03  2.194E-03
   102  7.2000E+01  4.208E-03  4.208E-03  1.839E-03  1.839E-03
   103  6.7500E+01  3.749E-03  3.749E-03  2.885E-03  2.885E-03
   104  6.5000E+01  4.199E-03  4.199E-03  3.835E-03  3.835E-03
   105  6.3000E+01  4.140E-03  4.140E-03  3.731E-03  3.731E-03
   106  6.1000E+01  4.119E-03  4.119E-03  2.389E-03  2.389E-03
   107  5.8000E+01  4.088E-03  4.088E-03  1.461E-03  1.461E-03
   108  5.3400E+01  4.071E-03  4.071E-03  2.238E-03  2.238E-03
   109  5.0600E+01  4.059E-03  4.059E-03  2.564E-03  2.564E-03
   110  4.8300E+01  4.068E-03  4.068E-03  1.811E-03  1.811E-03
   111  4.5200E+01  4.061E-03  4.061E-03  4.490E-03  4.490E-03
   112  4.4000E+01  4.058E-03  4.058E-03  3.266E-03  3.266E-03
   113  4.2400E+01  4.038E-03  4.038E-03  3.616E-03  3.616E-03
   114  4.1000E+01  4.039E-03  4.039E-03  3.507E-03  3.507E-03
   115  3.9600E+01  3.976E-03  3.976E-03  9.593E-03  9.593E-03
   116  3.9100E+01  3.993E-03  3.993E-03  4.264E-03  4.264E-03
   117  3.8000E+01  3.912E-03  3.912E-03  1.232E-02  1.232E-02
   118  3.7630E+01  3.746E-03  3.746E-03  1.222E-02  1.222E-02
   119  3.7270E+01  3.387E-03  3.387E-03  2.955E-02  2.955E-02
   120  3.7130E+01  2.994E-03  2.994E-03  2.973E-02  2.973E-02
   121  3.7000E+01  3.105E-03  3.105E-03  3.683E-03  3.683E-03
   122  3.6000E+01  4.174E-03  4.174E-03  8.754E-03  8.754E-03
   123  3.5500E+01  3.790E-03  3.790E-03  8.860E-03  8.860E-03
   124  3.5000E+01  3.832E-03  3.832E-03  3.458E-03  3.458E-03
   125  3.3750E+01  3.823E-03  3.823E-03  8.419E-03  8.419E-03
   126  3.3250E+01  3.842E-03  3.842E-03  2.738E-03  2.738E-03
   127  3.1750E+01  3.845E-03  3.845E-03  7.977E-03  7.977E-03
   128  3.1250E+01  3.823E-03  3.823E-03  3.103E-03  3.103E-03
   129  3.0000E+01  3.801E-03  3.801E-03  1.443E-03  1.443E-03
   130  2.7500E+01  3.779E-03  3.779E-03  1.328E-03  1.328E-03
   131  2.5000E+01  3.761E-03  3.761E-03  1.217E-03  1.217E-03
   132  2.2500E+01  3.738E-03  3.738E-03  3.801E-03  3.801E-03
   133  2.1750E+01  3.537E-03  3.537E-03  4.859E-03  4.859E-03
   134  2.1200E+01  2.664E-03  2.664E-03  2.993E-03  2.993E-03
   135  2.0500E+01  3.558E-03  3.558E-03  5.268E-03  5.268E-03
   136  2.0000E+01  3.523E-03  3.523E-03  4.421E-03  4.421E-03
   137  1.9400E+01  3.483E-03  3.483E-03  2.853E-03  2.853E-03
   138  1.8500E+01  3.504E-03  3.504E-03  1.608E-03  1.608E-03
   139  1.7000E+01  3.461E-03  3.461E-03  2.241E-03  2.241E-03
   140  1.6000E+01  3.438E-03  3.438E-03  1.291E-03  1.291E-03
   141  1.4400E+01  3.449E-03  3.449E-03  1.241E-03  1.241E-03
   142  1.2900E+01  3.389E-03  3.389E-03  1.683E-03  1.683E-03
   143  1.1900E+01  3.364E-03  3.364E-03  3.945E-03  3.945E-03
   144  1.1500E+01  3.403E-03  3.403E-03  9.803E-04  9.803E-04
   145  1.0000E+01  3.378E-03  3.378E-03  1.451E-03  1.451E-03
   146  9.1000E+00  3.306E-03  3.306E-03  1.170E-03  1.170E-03
   147  8.1000E+00  3.316E-03  3.316E-03  1.125E-03  1.125E-03
   148  7.1500E+00  3.179E-03  3.179E-03  6.603E-03  6.603E-03
   149  7.0000E+00  3.003E-03  3.003E-03  7.434E-03  7.434E-03
   150  6.8750E+00  2.405E-03  2.405E-03  6.105E-03  6.105E-03
   151  6.7500E+00  2.215E-03  2.215E-03  2.934E-03  2.934E-03
   152  6.5000E+00  2.772E-03  2.772E-03  3.670E-03  3.670E-03
   153  6.2500E+00  2.937E-03  2.937E-03  3.802E-03  3.802E-03
   154  6.0000E+00  2.912E-03  2.912E-03  1.496E-03  1.496E-03
   155  5.4000E+00  2.848E-03  2.848E-03  2.060E-03  2.060E-03
   156  5.0000E+00  2.975E-03  2.975E-03  2.557E-03  2.557E-03
   157  4.7000E+00  3.141E-03  3.141E-03  1.166E-03  1.166E-03
   158  4.1000E+00  3.062E-03  3.062E-03  1.687E-03  1.687E-03
   159  3.7300E+00  2.817E-03  2.817E-03  2.507E-03  2.507E-03
   160  3.5000E+00  2.855E-03  2.855E-03  1.784E-03  1.784E-03
   161  3.2000E+00  2.929E-03  2.929E-03  5.038E-03  5.038E-03
   162  3.1000E+00  3.081E-03  3.081E-03  4.880E-03  4.880E-03
   163  3.0000E+00  3.202E-03  3.202E-03  1.592E-02  1.592E-02
   164  2.9700E+00  3.027E-03  3.027E-03  4.673E-03  4.673E-03
   165  2.8700E+00  2.979E-03  2.979E-03  4.513E-03  4.513E-03
   166  2.7700E+00  2.985E-03  2.985E-03  4.353E-03  4.353E-03
   167  2.6700E+00  2.992E-03  2.992E-03  4.194E-03  4.194E-03
   168  2.5700E+00  2.998E-03  2.998E-03  4.035E-03  4.035E-03
   169  2.4700E+00  3.005E-03  3.005E-03  4.316E-03  4.316E-03
   170  2.3800E+00  3.012E-03  3.012E-03  4.686E-03  4.686E-03
   171  2.3000E+00  3.018E-03  3.018E-03  4.015E-03  4.015E-03
   172  2.2100E+00  3.026E-03  3.026E-03  3.855E-03  3.855E-03
   173  2.1200E+00  3.034E-03  3.034E-03  2.746E-03  2.746E-03
   174  2.0000E+00  3.080E-03  3.080E-03  5.261E-03  5.261E-03
   175  1.9400E+00  3.096E-03  3.096E-03  3.811E-03  3.811E-03
   176  1.8600E+00  3.121E-03  3.121E-03  3.238E-03  3.238E-03
   177  1.7700E+00  3.149E-03  3.149E-03  3.078E-03  3.078E-03
   178  1.6800E+00  3.175E-03  3.175E-03  2.918E-03  2.918E-03
   179  1.5900E+00  3.197E-03  3.197E-03  2.758E-03  2.758E-03
   180  1.5000E+00  3.214E-03  3.214E-03  4.742E-03  4.742E-03
   181  1.4500E+00  3.226E-03  3.226E-03  4.582E-03  4.582E-03
   182  1.4000E+00  3.237E-03  3.237E-03  4.422E-03  4.422E-03
   183  1.3500E+00  3.248E-03  3.248E-03  4.261E-03  4.261E-03
   184  1.3000E+00  3.261E-03  3.261E-03  4.100E-03  4.100E-03
   185  1.2500E+00  3.269E-03  3.269E-03  7.962E-03  7.962E-03
   186  1.2250E+00  3.272E-03  3.272E-03  7.802E-03  7.802E-03
   187  1.2000E+00  3.275E-03  3.275E-03  7.643E-03  7.643E-03
   188  1.1750E+00  3.279E-03  3.279E-03  7.484E-03  7.484E-03
   189  1.1500E+00  3.284E-03  3.284E-03  1.843E-02  1.843E-02
   190  1.1400E+00  3.287E-03  3.287E-03  1.828E-02  1.828E-02
   191  1.1300E+00  3.291E-03  3.291E-03  1.812E-02  1.812E-02
   192  1.1200E+00  3.296E-03  3.296E-03  1.796E-02  1.796E-02
   193  1.1100E+00  3.302E-03  3.302E-03  1.780E-02  1.780E-02
   194  1.1000E+00  3.308E-03  3.308E-03  1.764E-02  1.764E-02
   195  1.0900E+00  3.314E-03  3.314E-03  1.748E-02  1.748E-02
   196  1.0800E+00  3.321E-03  3.321E-03  1.732E-02  1.732E-02
   197  1.0700E+00  3.328E-03  3.328E-03  1.716E-02  1.716E-02
   198  1.0600E+00  3.336E-03  3.336E-03  1.700E-02  1.700E-02
   199  1.0500E+00  3.344E-03  3.344E-03  1.684E-02  1.684E-02
   200  1.0400E+00  3.353E-03  3.353E-03  1.668E-02  1.668E-02
   201  1.0300E+00  3.361E-03  3.361E-03  1.652E-02  1.652E-02
   202  1.0200E+00  3.370E-03  3.370E-03  1.636E-02  1.636E-02
   203  1.0100E+00  3.380E-03  3.380E-03  1.620E-02  1.620E-02
   204  1.0000E+00  3.397E-03  3.397E-03  6.366E-03  6.366E-03
   205  9.7500E-01  3.422E-03  3.422E-03  6.206E-03  6.206E-03
   206  9.5000E-01  3.450E-03  3.450E-03  6.045E-03  6.045E-03
   207  9.2500E-01  3.479E-03  3.479E-03  5.883E-03  5.883E-03
   208  9.0000E-01  3.527E-03  3.527E-03  2.820E-03  2.820E-03
   209  8.5000E-01  3.601E-03  3.601E-03  2.659E-03  2.659E-03
   210  8.0000E-01  3.697E-03  3.697E-03  2.498E-03  2.498E-03
   211  7.5000E-01  3.828E-03  3.828E-03  2.337E-03  2.337E-03
   212  7.0000E-01  3.997E-03  3.997E-03  2.176E-03  2.176E-03
   213  6.5000E-01  4.154E-03  4.154E-03  4.112E-03  4.112E-03
   214  6.2500E-01  4.285E-03  4.285E-03  3.951E-03  3.951E-03
   215  6.0000E-01  4.518E-03  4.518E-03  1.854E-03  1.854E-03
   216  5.5000E-01  4.912E-03  4.912E-03  1.692E-03  1.692E-03
   217  5.0000E-01  5.426E-03  5.426E-03  1.531E-03  1.531E-03
   218  4.5000E-01  6.073E-03  6.073E-03  1.370E-03  1.370E-03
   219  4.0000E-01  6.640E-03  6.640E-03  2.500E-03  2.500E-03
   220  3.7500E-01  7.072E-03  7.072E-03  2.339E-03  2.339E-03
   221  3.5000E-01  7.525E-03  7.525E-03  2.177E-03  2.177E-03
   222  3.2500E-01  7.985E-03  7.985E-03  2.015E-03  2.015E-03
   223  3.0000E-01  8.459E-03  8.459E-03  1.853E-03  1.853E-03
   224  2.7500E-01  8.921E-03  8.921E-03  1.692E-03  1.692E-03
   225  2.5000E-01  9.308E-03  9.308E-03  1.531E-03  1.531E-03
   226  2.2500E-01  9.568E-03  9.568E-03  1.370E-03  1.370E-03
   227  2.0000E-01  9.606E-03  9.606E-03  1.209E-03  1.209E-03
   228  1.7500E-01  9.324E-03  9.324E-03  1.048E-03  1.048E-03
   229  1.5000E-01  8.619E-03  8.619E-03  8.862E-04  8.862E-04
   230  1.2500E-01  7.541E-03  7.541E-03  7.247E-04  7.247E-04
   231  1.0000E-01  6.539E-03  6.539E-03  1.536E-03  1.536E-03
   232  9.0000E-02  5.796E-03  5.796E-03  1.375E-03  1.375E-03
   233  8.0000E-02  4.961E-03  4.961E-03  1.213E-03  1.213E-03
   234  7.0000E-02  4.092E-03  4.092E-03  1.052E-03  1.052E-03
   235  6.0000E-02  3.212E-03  3.212E-03  8.904E-04  8.904E-04
   236  5.0000E-02  2.346E-03  2.346E-03  7.282E-04  7.282E-04
   237  4.0000E-02  1.525E-03  1.525E-03  5.654E-04  5.654E-04
   238  3.0000E-02  1.015E-03  1.015E-03  9.551E-04  9.551E-04
   239  2.5300E-02  4.034E-04  4.034E-04  1.754E-04  1.754E-04
   240  1.0000E-02  1.097E-04  1.097E-04  5.657E-04  5.657E-04
   241  7.5000E-03  5.686E-05  5.686E-05  4.012E-04  4.012E-04
   242  5.0000E-03  2.993E-05  2.993E-05  7.290E-04  7.290E-04
   243  4.0000E-03  1.827E-05  1.827E-05  5.653E-04  5.653E-04
   244  3.0000E-03  1.152E-05  1.152E-05  8.916E-04  8.916E-04
   245  2.5000E-03  7.833E-06  7.833E-06  7.282E-04  7.282E-04
   246  2.0000E-03  4.529E-06  4.529E-06  5.649E-04  5.649E-04
   247  1.5000E-03  2.231E-06  2.231E-06  7.288E-04  7.288E-04
   248  1.2000E-03  1.293E-06  1.293E-06  8.920E-04  8.920E-04
   249  1.0000E-03  6.794E-07  6.794E-07  5.653E-04  5.653E-04
   250  7.5000E-04  2.819E-07  2.819E-07  4.012E-04  4.012E-04
   251  5.0000E-04  2.398E-08  2.398E-08  1.012E-04  1.012E-04
   252  1.0000E-04  5.201E-11  5.201E-11  7.149E-05  7.149E-05


     1  2.0000E+07  2.344E-11  2.344E-11  6.714E-04  6.714E-04
     2  1.7330E+07  2.649E-10  2.649E-10  9.814E-04  9.814E-04
     3  1.5680E+07  6.727E-10  6.727E-10  1.323E-03  1.323E-03
     4  1.4550E+07  8.201E-08  8.201E-08  1.937E-03  1.937E-03
     5  1.3840E+07  3.138E-06  3.138E-06  1.270E-03  1.270E-03
     6  1.2840E+07  2.465E-05  2.465E-05  3.746E-04  3.746E-04
     7  1.0000E+07  9.716E-05  9.716E-05  4.625E-04  4.625E-04
     8  8.1870E+06  3.482E-04  3.482E-04  4.333E-04  4.333E-04
     9  6.4340E+06  9.566E-04  9.566E-04  3.654E-04  3.654E-04
    10  4.8000E+06  1.544E-03  1.544E-03  9.861E-04  9.861E-04
    11  4.3040E+06  1.958E-03  1.958E-03  2.980E-04  2.980E-04
    12  3.0000E+06  3.367E-03  3.367E-03  5.615E-04  5.615E-04
    13  2.4790E+06  4.381E-03  4.381E-03  2.066E-03  2.066E-03
    14  2.3540E+06  5.337E-03  5.337E-03  4.426E-04  4.426E-04
    15  1.8500E+06  6.226E-03  6.226E-03  5.063E-04  5.063E-04
    16  1.5000E+06  6.462E-03  6.462E-03  1.535E-03  1.535E-03
    17  1.4000E+06  6.405E-03  6.405E-03  3.315E-03  3.315E-03
    18  1.3560E+06  6.405E-03  6.405E-03  3.626E-03  3.626E-03
    19  1.3170E+06  6.362E-03  6.362E-03  2.026E-03  2.026E-03
    20  1.2500E+06  6.363E-03  6.363E-03  2.591E-03  2.591E-03
    21  1.2000E+06  6.491E-03  6.491E-03  1.216E-03  1.216E-03
    22  1.1000E+06  6.555E-03  6.555E-03  1.239E-03  1.239E-03
    23  1.0100E+06  6.494E-03  6.494E-03  1.133E-03  1.133E-03
    24  9.2000E+05  6.452E-03  6.452E-03  4.813E-03  4.813E-03
    25  9.0000E+05  6.484E-03  6.484E-03  3.755E-03  3.755E-03
    26  8.7500E+05  6.465E-03  6.465E-03  6.606E-03  6.606E-03
    27  8.6110E+05  6.471E-03  6.471E-03  2.163E-03  2.163E-03
    28  8.2000E+05  6.484E-03  6.484E-03  1.186E-03  1.186E-03
    29  7.5000E+05  6.454E-03  6.454E-03  1.064E-03  1.064E-03
    30  6.7900E+05  6.406E-03  6.406E-03  7.930E-03  7.930E-03
    31  6.7000E+05  6.303E-03  6.303E-03  9.590E-04  9.590E-04
    32  6.0000E+05  6.223E-03  6.223E-03  2.298E-03  2.298E-03
    33  5.7300E+05  6.235E-03  6.235E-03  2.583E-03  2.583E-03
    34  5.5000E+05  6.091E-03  6.091E-03  9.498E-04  9.498E-04
    35  4.9200E+05  6.070E-03  6.070E-03  2.314E-03  2.314E-03
    36  4.7000E+05  5.898E-03  5.898E-03  1.605E-03  1.605E-03
    37  4.4000E+05  5.627E-03  5.627E-03  2.276E-03  2.276E-03
    38  4.2000E+05  5.616E-03  5.616E-03  2.170E-03  2.170E-03
    39  4.0000E+05  5.414E-03  5.414E-03  5.503E-04  5.503E-04
    40  3.3000E+05  4.986E-03  4.986E-03  5.276E-04  5.276E-04
    41  2.7000E+05  4.956E-03  4.956E-03  3.529E-04  3.529E-04
    42  2.0000E+05  5.183E-03  5.183E-03  3.598E-04  3.598E-04
    43  1.4900E+05  5.225E-03  5.225E-03  7.082E-04  7.082E-04
    44  1.2830E+05  4.957E-03  4.957E-03  4.252E-04  4.252E-04
    45  1.0000E+05  4.935E-03  4.935E-03  6.521E-04  6.521E-04
    46  8.5000E+04  5.443E-03  5.443E-03  2.950E-03  2.950E-03
    47  8.2000E+04  5.374E-03  5.374E-03  1.188E-03  1.188E-03
    48  7.5000E+04  5.261E-03  5.261E-03  3.922E-03  3.922E-03
    49  7.3000E+04  5.239E-03  5.239E-03  5.407E-04  5.407E-04
    50  6.0000E+04  5.184E-03  5.184E-03  7.412E-04  7.412E-04
    51  5.2000E+04  4.876E-03  4.876E-03  2.705E-03  2.705E-03
    52  5.0000E+04  4.684E-03  4.684E-03  1.007E-03  1.007E-03
    53  4.5000E+04  5.129E-03  5.129E-03  2.618E-04  2.618E-04
    54  3.0000E+04  5.069E-03  5.069E-03  2.621E-04  2.621E-04
    55  2.0000E+04  5.048E-03  5.048E-03  6.551E-04  6.551E-04
    56  1.7000E+04  5.024E-03  5.024E-03  3.972E-04  3.972E-04
    57  1.3000E+04  5.001E-03  5.001E-03  3.402E-04  3.402E-04
    58  9.5000E+03  4.981E-03  4.981E-03  6.356E-04  6.356E-04
    59  8.0300E+03  4.965E-03  4.965E-03  3.121E-04  3.121E-04
    60  5.7000E+03  4.936E-03  4.936E-03  2.825E-04  2.825E-04
    61  3.9000E+03  4.932E-03  4.932E-03  2.564E-03  2.564E-03
    62  3.7400E+03  4.908E-03  4.908E-03  4.874E-04  4.874E-04
    63  3.0000E+03  4.896E-03  4.896E-03  5.906E-04  5.906E-04
    64  2.5000E+03  4.869E-03  4.869E-03  1.023E-03  1.023E-03
    65  2.2500E+03  4.890E-03  4.890E-03  4.803E-03  4.803E-03
    66  2.2000E+03  4.866E-03  4.866E-03  5.382E-04  5.382E-04
    67  1.8000E+03  4.846E-03  4.846E-03  7.233E-04  7.233E-04
    68  1.5500E+03  4.838E-03  4.838E-03  3.304E-03  3.304E-03
    69  1.5000E+03  4.821E-03  4.821E-03  4.082E-04  4.082E-04
    70  1.1500E+03  4.785E-03  4.785E-03  5.694E-04  5.694E-04
    71  9.5000E+02  4.758E-03  4.758E-03  3.310E-04  3.310E-04
    72  6.8300E+02  4.740E-03  4.740E-03  5.727E-03  5.727E-03
    73  6.7000E+02  4.711E-03  4.711E-03  5.565E-04  5.565E-04
    74  5.5000E+02  4.653E-03  4.653E-03  1.873E-04  1.873E-04
    75  3.0500E+02  4.590E-03  4.590E-03  1.637E-03  1.637E-03
    76  2.8500E+02  4.576E-03  4.576E-03  6.505E-04  6.505E-04
    77  2.4000E+02  4.521E-03  4.521E-03  1.285E-03  1.285E-03
    78  2.2000E+02  4.530E-03  4.530E-03  2.309E-03  2.309E-03
    79  2.0950E+02  3.766E-03  3.766E-03  1.042E-02  1.042E-02
    80  2.0740E+02  4.719E-03  4.719E-03  4.294E-03  4.294E-03
    81  2.0200E+02  4.498E-03  4.498E-03  2.488E-03  2.488E-03
    82  1.9300E+02  4.372E-03  4.372E-03  1.448E-02  1.448E-02
    83  1.9150E+02  3.614E-03  3.614E-03  6.912E-03  6.912E-03
    84  1.8850E+02  5.583E-03  5.583E-03  2.639E-02  2.639E-02
    85  1.8770E+02  4.692E-03  4.692E-03  2.715E-03  2.715E-03
    86  1.8000E+02  4.483E-03  4.483E-03  1.994E-03  1.994E-03
    87  1.7000E+02  4.447E-03  4.447E-03  6.568E-04  6.568E-04
    88  1.4300E+02  4.444E-03  4.444E-03  7.208E-04  7.208E-04
    89  1.2200E+02  4.422E-03  4.422E-03  4.619E-03  4.619E-03
    90  1.1900E+02  4.313E-03  4.313E-03  8.980E-03  8.980E-03
    91  1.1750E+02  3.608E-03  3.608E-03  7.949E-03  7.949E-03
    92  1.1600E+02  4.554E-03  4.554E-03  4.415E-03  4.415E-03
    93  1.1300E+02  4.390E-03  4.390E-03  2.556E-03  2.556E-03
    94  1.0800E+02  4.361E-03  4.361E-03  4.111E-03  4.111E-03
    95  1.0500E+02  3.986E-03  3.986E-03  2.999E-03  2.999E-03
    96  1.0120E+02  4.468E-03  4.468E-03  2.758E-03  2.758E-03
    97  9.7000E+01  4.316E-03  4.316E-03  1.562E-03  1.562E-03
    98  9.0000E+01  4.293E-03  4.293E-03  1.211E-03  1.211E-03
    99  8.1700E+01  4.047E-03  4.047E-03  5.307E-03  5.307E-03
   100  8.0000E+01  4.272E-03  4.272E-03  2.306E-03  2.306E-03
   101  7.6000E+01  4.256E-03  4.256E-03  2.195E-03  2.195E-03
   102  7.2000E+01  4.248E-03  4.248E-03  1.840E-03  1.840E-03
   103  6.7500E+01  3.784E-03  3.784E-03  2.886E-03  2.886E-03
   104  6.5000E+01  4.238E-03  4.238E-03  3.836E-03  3.836E-03
   105  6.3000E+01  4.178E-03  4.178E-03  3.732E-03  3.732E-03
   106  6.1000E+01  4.157E-03  4.157E-03  2.390E-03  2.390E-03
   107  5.8000E+01  4.127E-03  4.127E-03  1.461E-03  1.461E-03
   108  5.3400E+01  4.108E-03  4.108E-03  2.238E-03  2.238E-03
   109  5.0600E+01  4.096E-03  4.096E-03  2.564E-03  2.564E-03
   110  4.8300E+01  4.106E-03  4.106E-03  1.812E-03  1.812E-03
   111  4.5200E+01  4.096E-03  4.096E-03  4.490E-03  4.490E-03
   112  4.4000E+01  4.094E-03  4.094E-03  3.266E-03  3.266E-03
   113  4.2400E+01  4.075E-03  4.075E-03  3.616E-03  3.616E-03
   114  4.1000E+01  4.076E-03  4.076E-03  3.508E-03  3.508E-03
   115  3.9600E+01  4.015E-03  4.015E-03  9.597E-03  9.597E-03
   116  3.9100E+01  4.030E-03  4.030E-03  4.265E-03  4.265E-03
   117  3.8000E+01  3.948E-03  3.948E-03  1.232E-02  1.232E-02
   118  3.7630E+01  3.781E-03  3.781E-03  1.223E-02  1.223E-02
   119  3.7270E+01  3.418E-03  3.418E-03  2.956E-02  2.956E-02
   120  3.7130E+01  3.021E-03  3.021E-03  2.974E-02  2.974E-02
   121  3.7000E+01  3.134E-03  3.134E-03  3.684E-03  3.684E-03
   122  3.6000E+01  4.213E-03  4.213E-03  8.756E-03  8.756E-03
   123  3.5500E+01  3.828E-03  3.828E-03  8.865E-03  8.865E-03
   124  3.5000E+01  3.869E-03  3.869E-03  3.459E-03  3.459E-03
   125  3.3750E+01  3.860E-03  3.860E-03  8.423E-03  8.423E-03
   126  3.3250E+01  3.879E-03  3.879E-03  2.739E-03  2.739E-03
   127  3.1750E+01  3.881E-03  3.881E-03  7.978E-03  7.978E-03
   128  3.1250E+01  3.859E-03  3.859E-03  3.104E-03  3.104E-03
   129  3.0000E+01  3.837E-03  3.837E-03  1.443E-03  1.443E-03
   130  2.7500E+01  3.815E-03  3.815E-03  1.328E-03  1.328E-03
   131  2.5000E+01  3.798E-03  3.798E-03  1.217E-03  1.217E-03
   132  2.2500E+01  3.772E-03  3.772E-03  3.801E-03  3.801E-03
   133  2.1750E+01  3.571E-03  3.571E-03  4.859E-03  4.859E-03
   134  2.1200E+01  2.689E-03  2.689E-03  2.993E-03  2.993E-03
   135  2.0500E+01  3.592E-03  3.592E-03  5.268E-03  5.268E-03
   136  2.0000E+01  3.557E-03  3.557E-03  4.421E-03  4.421E-03
   137  1.9400E+01  3.518E-03  3.518E-03  2.853E-03  2.853E-03
   138  1.8500E+01  3.537E-03  3.537E-03  1.608E-03  1.608E-03
   139  1.7000E+01  3.495E-03  3.495E-03  2.241E-03  2.241E-03
   140  1.6000E+01  3.470E-03  3.470E-03  1.291E-03  1.291E-03
   141  1.4400E+01  3.482E-03  3.482E-03  1.240E-03  1.240E-03
   142  1.2900E+01  3.422E-03  3.422E-03  1.683E-03  1.683E-03
   143  1.1900E+01  3.397E-03  3.397E-03  3.944E-03  3.944E-03
   144  1.1500E+01  3.434E-03  3.434E-03  9.799E-04  9.799E-04
   145  1.0000E+01  3.410E-03  3.410E-03  1.450E-03  1.450E-03
   146  9.1000E+00  3.338E-03  3.338E-03  1.170E-03  1.170E-03
   147  8.1000E+00  3.346E-03  3.346E-03  1.123E-03  1.123E-03
   148  7.1500E+00  3.209E-03  3.209E-03  6.598E-03  6.598E-03
   149  7.0000E+00  3.031E-03  3.031E-03  7.428E-03  7.428E-03
   150  6.8750E+00  2.427E-03  2.427E-03  6.101E-03  6.101E-03
   151  6.7500E+00  2.235E-03  2.235E-03  2.931E-03  2.931E-03
   152  6.5000E+00  2.799E-03  2.799E-03  3.669E-03  3.669E-03
   153  6.2500E+00  2.965E-03  2.965E-03  3.800E-03  3.800E-03
   154  6.0000E+00  2.936E-03  2.936E-03  1.494E-03  1.494E-03
   155  5.4000E+00  2.870E-03  2.870E-03  2.058E-03  2.058E-03
   156  5.0000E+00  3.001E-03  3.001E-03  2.558E-03  2.558E-03
   157  4.7000E+00  3.167E-03  3.167E-03  1.166E-03  1.166E-03
   158  4.1000E+00  3.087E-03  3.087E-03  1.687E-03  1.687E-03
   159  3.7300E+00  2.841E-03  2.841E-03  2.507E-03  2.507E-03
   160  3.5000E+00  2.879E-03  2.879E-03  1.784E-03  1.784E-03
   161  3.2000E+00  2.954E-03  2.954E-03  5.039E-03  5.039E-03
   162  3.1000E+00  3.107E-03  3.107E-03  4.881E-03  4.881E-03
   163  3.0000E+00  3.229E-03  3.229E-03  1.593E-02  1.593E-02
   164  2.9700E+00  3.053E-03  3.053E-03  4.674E-03  4.674E-03
   165  2.8700E+00  3.004E-03  3.004E-03  4.514E-03  4.514E-03
   166  2.7700E+00  3.011E-03  3.011E-03  4.354E-03  4.354E-03
   167  2.6700E+00  3.017E-03  3.017E-03  4.195E-03  4.195E-03
   168  2.5700E+00  3.024E-03  3.024E-03  4.036E-03  4.036E-03
   169  2.4700E+00  3.031E-03  3.031E-03  4.316E-03  4.316E-03
   170  2.3800E+00  3.037E-03  3.037E-03  4.687E-03  4.687E-03
   171  2.3000E+00  3.044E-03  3.044E-03  4.015E-03  4.015E-03
   172  2.2100E+00  3.051E-03  3.051E-03  3.855E-03  3.855E-03
   173  2.1200E+00  3.060E-03  3.060E-03  2.747E-03  2.747E-03
   174  2.0000E+00  3.107E-03  3.107E-03  5.262E-03  5.262E-03
   175  1.9400E+00  3.123E-03  3.123E-03  3.811E-03  3.811E-03
   176  1.8600E+00  3.148E-03  3.148E-03  3.238E-03  3.238E-03
   177  1.7700E+00  3.176E-03  3.176E-03  3.078E-03  3.078E-03
   178  1.6800E+00  3.202E-03  3.202E-03  2.918E-03  2.918E-03
   179  1.5900E+00  3.224E-03  3.224E-03  2.759E-03  2.759E-03
   180  1.5000E+00  3.241E-03  3.241E-03  4.742E-03  4.742E-03
   181  1.4500E+00  3.253E-03  3.253E-03  4.582E-03  4.582E-03
   182  1.4000E+00  3.264E-03  3.264E-03  4.422E-03  4.422E-03
   183  1.3500E+00  3.275E-03  3.275E-03  4.262E-03  4.262E-03
   184  1.3000E+00  3.287E-03  3.287E-03  4.101E-03  4.101E-03
   185  1.2500E+00  3.295E-03  3.295E-03  7.963E-03  7.963E-03
   186  1.2250E+00  3.298E-03  3.298E-03  7.804E-03  7.804E-03
   187  1.2000E+00  3.301E-03  3.301E-03  7.645E-03  7.645E-03
   188  1.1750E+00  3.304E-03  3.304E-03  7.486E-03  7.486E-03
   189  1.1500E+00  3.307E-03  3.307E-03  1.844E-02  1.844E-02
   190  1.1400E+00  3.310E-03  3.310E-03  1.827E-02  1.827E-02
   191  1.1300E+00  3.313E-03  3.313E-03  1.811E-02  1.811E-02
   192  1.1200E+00  3.316E-03  3.316E-03  1.795E-02  1.795E-02
   193  1.1100E+00  3.319E-03  3.319E-03  1.778E-02  1.778E-02
   194  1.1000E+00  3.322E-03  3.322E-03  1.761E-02  1.761E-02
   195  1.0900E+00  3.325E-03  3.325E-03  1.743E-02  1.743E-02
   196  1.0800E+00  3.328E-03  3.328E-03  1.726E-02  1.726E-02
   197  1.0700E+00  3.333E-03  3.333E-03  1.709E-02  1.709E-02
   198  1.0600E+00  3.339E-03  3.339E-03  1.693E-02  1.693E-02
   199  1.0500E+00  3.348E-03  3.348E-03  1.678E-02  1.678E-02
   200  1.0400E+00  3.358E-03  3.358E-03  1.663E-02  1.663E-02
   201  1.0300E+00  3.370E-03  3.370E-03  1.648E-02  1.648E-02
   202  1.0200E+00  3.381E-03  3.381E-03  1.634E-02  1.634E-02
   203  1.0100E+00  3.393E-03  3.393E-03  1.619E-02  1.619E-02
   204  1.0000E+00  3.413E-03  3.413E-03  6.371E-03  6.371E-03
   205  9.7500E-01  3.440E-03  3.440E-03  6.215E-03  6.215E-03
   206  9.5000E-01  3.468E-03  3.468E-03  6.057E-03  6.057E-03
   207  9.2500E-01  3.496E-03  3.496E-03  5.897E-03  5.897E-03
   208  9.0000E-01  3.544E-03  3.544E-03  2.828E-03  2.828E-03
   209  8.5000E-01  3.616E-03  3.616E-03  2.667E-03  2.667E-03
   210  8.0000E-01  3.710E-03  3.710E-03  2.506E-03  2.506E-03
   211  7.5000E-01  3.836E-03  3.836E-03  2.344E-03  2.344E-03
   212  7.0000E-01  3.999E-03  3.999E-03  2.183E-03  2.183E-03
   213  6.5000E-01  4.149E-03  4.149E-03  4.125E-03  4.125E-03
   214  6.2500E-01  4.272E-03  4.272E-03  3.963E-03  3.963E-03
   215  6.0000E-01  4.491E-03  4.491E-03  1.860E-03  1.860E-03
   216  5.5000E-01  4.857E-03  4.857E-03  1.698E-03  1.698E-03
   217  5.0000E-01  5.330E-03  5.330E-03  1.536E-03  1.536E-03
   218  4.5000E-01  5.917E-03  5.917E-03  1.374E-03  1.374E-03
   219  4.0000E-01  6.423E-03  6.423E-03  2.508E-03  2.508E-03
   220  3.7500E-01  6.802E-03  6.802E-03  2.346E-03  2.346E-03
   221  3.5000E-01  7.190E-03  7.190E-03  2.184E-03  2.184E-03
   222  3.2500E-01  7.581E-03  7.581E-03  2.021E-03  2.021E-03
   223  3.0000E-01  7.996E-03  7.996E-03  1.859E-03  1.859E-03
   224  2.7500E-01  8.422E-03  8.422E-03  1.697E-03  1.697E-03
   225  2.5000E-01  8.786E-03  8.786E-03  1.535E-03  1.535E-03
   226  2.2500E-01  9.029E-03  9.029E-03  1.374E-03  1.374E-03
   227  2.0000E-01  9.062E-03  9.062E-03  1.213E-03  1.213E-03
   228  1.7500E-01  8.791E-03  8.791E-03  1.051E-03  1.051E-03
   229  1.5000E-01  8.121E-03  8.121E-03  8.892E-04  8.892E-04
   230  1.2500E-01  7.101E-03  7.101E-03  7.270E-04  7.270E-04
   231  1.0000E-01  6.155E-03  6.155E-03  1.541E-03  1.541E-03
   232  9.0000E-02  5.456E-03  5.456E-03  1.379E-03  1.379E-03
   233  8.0000E-02  4.670E-03  4.670E-03  1.218E-03  1.218E-03
   234  7.0000E-02  3.852E-03  3.852E-03  1.056E-03  1.056E-03
   235  6.0000E-02  3.024E-03  3.024E-03  8.941E-04  8.941E-04
   236  5.0000E-02  2.209E-03  2.209E-03  7.315E-04  7.315E-04
   237  4.0000E-02  1.437E-03  1.437E-03  5.681E-04  5.681E-04
   238  3.0000E-02  9.561E-04  9.561E-04  9.600E-04  9.600E-04
   239  2.5300E-02  3.801E-04  3.801E-04  1.764E-04  1.764E-04
   240  1.0000E-02  1.034E-04  1.034E-04  5.692E-04  5.692E-04
   241  7.5000E-03  5.359E-05  5.359E-05  4.038E-04  4.038E-04
   242  5.0000E-03  2.821E-05  2.821E-05  7.338E-04  7.338E-04
   243  4.0000E-03  1.723E-05  1.723E-05  5.690E-04  5.690E-04
   244  3.0000E-03  1.086E-05  1.086E-05  8.974E-04  8.974E-04
   245  2.5000E-03  7.383E-06  7.383E-06  7.329E-04  7.329E-04
   246  2.0000E-03  4.269E-06  4.269E-06  5.685E-04  5.685E-04
   247  1.5000E-03  2.103E-06  2.103E-06  7.337E-04  7.337E-04
   248  1.2000E-03  1.219E-06  1.219E-06  8.979E-04  8.979E-04
   249  1.0000E-03  6.403E-07  6.403E-07  5.692E-04  5.692E-04
   250  7.5000E-04  2.657E-07  2.657E-07  4.039E-04  4.039E-04
   251  5.0000E-04  2.260E-08  2.260E-08  1.020E-04  1.020E-04
   252  1.0000E-04  4.911E-11  4.911E-11  7.218E-05  7.218E-05


     1  2.0000E+07  1.360E-10  1.360E-10  6.742E-04  6.742E-04
     2  1.7330E+07  1.966E-09  1.966E-09  9.854E-04  9.854E-04
     3  1.5680E+07  4.926E-09  4.926E-09  1.328E-03  1.328E-03
     4  1.4550E+07  1.667E-07  1.667E-07  1.944E-03  1.944E-03
     5  1.3840E+07  3.487E-06  3.487E-06  1.275E-03  1.275E-03
     6  1.2840E+07  2.570E-05  2.570E-05  3.758E-04  3.758E-04
     7  1.0000E+07  1.004E-04  1.004E-04  4.640E-04  4.640E-04
     8  8.1870E+06  3.577E-04  3.577E-04  4.346E-04  4.346E-04
     9  6.4340E+06  9.777E-04  9.777E-04  3.663E-04  3.663E-04
    10  4.8000E+06  1.575E-03  1.575E-03  9.885E-04  9.885E-04
    11  4.3040E+06  1.992E-03  1.992E-03  2.986E-04  2.986E-04
    12  3.0000E+06  3.419E-03  3.419E-03  5.627E-04  5.627E-04
    13  2.4790E+06  4.447E-03  4.447E-03  2.070E-03  2.070E-03
    14  2.3540E+06  5.413E-03  5.413E-03  4.435E-04  4.435E-04
    15  1.8500E+06  6.311E-03  6.311E-03  5.072E-04  5.072E-04
    16  1.5000E+06  6.548E-03  6.548E-03  1.538E-03  1.538E-03
    17  1.4000E+06  6.489E-03  6.489E-03  3.320E-03  3.320E-03
    18  1.3560E+06  6.488E-03  6.488E-03  3.632E-03  3.632E-03
    19  1.3170E+06  6.445E-03  6.445E-03  2.030E-03  2.030E-03
    20  1.2500E+06  6.445E-03  6.445E-03  2.596E-03  2.596E-03
    21  1.2000E+06  6.575E-03  6.575E-03  1.218E-03  1.218E-03
    22  1.1000E+06  6.638E-03  6.638E-03  1.241E-03  1.241E-03
    23  1.0100E+06  6.575E-03  6.575E-03  1.135E-03  1.135E-03
    24  9.2000E+05  6.532E-03  6.532E-03  4.821E-03  4.821E-03
    25  9.0000E+05  6.565E-03  6.565E-03  3.761E-03  3.761E-03
    26  8.7500E+05  6.545E-03  6.545E-03  6.617E-03  6.617E-03
    27  8.6110E+05  6.551E-03  6.551E-03  2.167E-03  2.167E-03
    28  8.2000E+05  6.563E-03  6.563E-03  1.188E-03  1.188E-03
    29  7.5000E+05  6.532E-03  6.532E-03  1.066E-03  1.066E-03
    30  6.7900E+05  6.484E-03  6.484E-03  7.943E-03  7.943E-03
    31  6.7000E+05  6.379E-03  6.379E-03  9.605E-04  9.605E-04
    32  6.0000E+05  6.298E-03  6.298E-03  2.302E-03  2.302E-03
    33  5.7300E+05  6.309E-03  6.309E-03  2.587E-03  2.587E-03
    34  5.5000E+05  6.163E-03  6.163E-03  9.512E-04  9.512E-04
    35  4.9200E+05  6.141E-03  6.141E-03  2.317E-03  2.317E-03
    36  4.7000E+05  5.967E-03  5.967E-03  1.607E-03  1.607E-03
    37  4.4000E+05  5.693E-03  5.693E-03  2.279E-03  2.279E-03
    38  4.2000E+05  5.682E-03  5.682E-03  2.173E-03  2.173E-03
    39  4.0000E+05  5.477E-03  5.477E-03  5.512E-04  5.512E-04
    40  3.3000E+05  5.044E-03  5.044E-03  5.284E-04  5.284E-04
    41  2.7000E+05  5.013E-03  5.013E-03  3.534E-04  3.534E-04
    42  2.0000E+05  5.242E-03  5.242E-03  3.603E-04  3.603E-04
    43  1.4900E+05  5.284E-03  5.284E-03  7.093E-04  7.093E-04
    44  1.2830E+05  5.013E-03  5.013E-03  4.258E-04  4.258E-04
    45  1.0000E+05  4.991E-03  4.991E-03  6.531E-04  6.531E-04
    46  8.5000E+04  5.505E-03  5.505E-03  2.954E-03  2.954E-03
    47  8.2000E+04  5.435E-03  5.435E-03  1.190E-03  1.190E-03
    48  7.5000E+04  5.321E-03  5.321E-03  3.928E-03  3.928E-03
    49  7.3000E+04  5.298E-03  5.298E-03  5.414E-04  5.414E-04
    50  6.0000E+04  5.243E-03  5.243E-03  7.423E-04  7.423E-04
    51  5.2000E+04  4.931E-03  4.931E-03  2.709E-03  2.709E-03
    52  5.0000E+04  4.738E-03  4.738E-03  1.008E-03  1.008E-03
    53  4.5000E+04  5.187E-03  5.187E-03  2.622E-04  2.622E-04
    54  3.0000E+04  5.127E-03  5.127E-03  2.625E-04  2.625E-04
    55  2.0000E+04  5.106E-03  5.106E-03  6.560E-04  6.560E-04
    56  1.7000E+04  5.081E-03  5.081E-03  3.978E-04  3.978E-04
    57  1.3000E+04  5.057E-03  5.057E-03  3.406E-04  3.406E-04
    58  9.5000E+03  5.038E-03  5.038E-03  6.365E-04  6.365E-04
    59  8.0300E+03  5.022E-03  5.022E-03  3.125E-04  3.125E-04
    60  5.7000E+03  4.992E-03  4.992E-03  2.829E-04  2.829E-04
    61  3.9000E+03  4.988E-03  4.988E-03  2.568E-03  2.568E-03
    62  3.7400E+03  4.965E-03  4.965E-03  4.881E-04  4.881E-04
    63  3.0000E+03  4.952E-03  4.952E-03  5.914E-04  5.914E-04
    64  2.5000E+03  4.925E-03  4.925E-03  1.024E-03  1.024E-03
    65  2.2500E+03  4.946E-03  4.946E-03  4.809E-03  4.809E-03
    66  2.2000E+03  4.922E-03  4.922E-03  5.390E-04  5.390E-04
    67  1.8000E+03  4.902E-03  4.902E-03  7.243E-04  7.243E-04
    68  1.5500E+03  4.894E-03  4.894E-03  3.308E-03  3.308E-03
    69  1.5000E+03  4.877E-03  4.877E-03  4.088E-04  4.088E-04
    70  1.1500E+03  4.840E-03  4.840E-03  5.702E-04  5.702E-04
    71  9.5000E+02  4.813E-03  4.813E-03  3.314E-04  3.314E-04
    72  6.8300E+02  4.795E-03  4.795E-03  5.734E-03  5.734E-03
    73  6.7000E+02  4.766E-03  4.766E-03  5.571E-04  5.571E-04
    74  5.5000E+02  4.707E-03  4.707E-03  1.875E-04  1.875E-04
    75  3.0500E+02  4.643E-03  4.643E-03  1.639E-03  1.639E-03
    76  2.8500E+02  4.630E-03  4.630E-03  6.512E-04  6.512E-04
    77  2.4000E+02  4.574E-03  4.574E-03  1.287E-03  1.287E-03
    78  2.2000E+02  4.583E-03  4.583E-03  2.311E-03  2.311E-03
    79  2.0950E+02  3.811E-03  3.811E-03  1.044E-02  1.044E-02
    80  2.0740E+02  4.774E-03  4.774E-03  4.299E-03  4.299E-03
    81  2.0200E+02  4.551E-03  4.551E-03  2.491E-03  2.491E-03
    82  1.9300E+02  4.425E-03  4.425E-03  1.449E-02  1.449E-02
    83  1.9150E+02  3.657E-03  3.657E-03  6.920E-03  6.920E-03
    84  1.8850E+02  5.646E-03  5.646E-03  2.642E-02  2.642E-02
    85  1.8770E+02  4.748E-03  4.748E-03  2.718E-03  2.718E-03
    86  1.8000E+02  4.537E-03  4.537E-03  1.996E-03  1.996E-03
    87  1.7000E+02  4.500E-03  4.500E-03  6.574E-04  6.574E-04
    88  1.4300E+02  4.497E-03  4.497E-03  7.216E-04  7.216E-04
    89  1.2200E+02  4.474E-03  4.474E-03  4.623E-03  4.623E-03
    90  1.1900E+02  4.365E-03  4.365E-03  8.989E-03  8.989E-03
    91  1.1750E+02  3.652E-03  3.652E-03  7.958E-03  7.958E-03
    92  1.1600E+02  4.609E-03  4.609E-03  4.420E-03  4.420E-03
    93  1.1300E+02  4.442E-03  4.442E-03  2.559E-03  2.559E-03
    94  1.0800E+02  4.413E-03  4.413E-03  4.114E-03  4.114E-03
    95  1.0500E+02  4.033E-03  4.033E-03  3.002E-03  3.002E-03
    96  1.0120E+02  4.521E-03  4.521E-03  2.761E-03  2.761E-03
    97  9.7000E+01  4.367E-03  4.367E-03  1.564E-03  1.564E-03
    98  9.0000E+01  4.344E-03  4.344E-03  1.212E-03  1.212E-03
    99  8.1700E+01  4.096E-03  4.096E-03  5.312E-03  5.312E-03
   100  8.0000E+01  4.323E-03  4.323E-03  2.308E-03  2.308E-03
   101  7.6000E+01  4.305E-03  4.305E-03  2.197E-03  2.197E-03
   102  7.2000E+01  4.298E-03  4.298E-03  1.841E-03  1.841E-03
   103  6.7500E+01  3.827E-03  3.827E-03  2.889E-03  2.889E-03
   104  6.5000E+01  4.288E-03  4.288E-03  3.839E-03  3.839E-03
   105  6.3000E+01  4.227E-03  4.227E-03  3.735E-03  3.735E-03
   106  6.1000E+01  4.205E-03  4.205E-03  2.393E-03  2.393E-03
   107  5.8000E+01  4.176E-03  4.176E-03  1.462E-03  1.462E-03
   108  5.3400E+01  4.157E-03  4.157E-03  2.239E-03  2.239E-03
   109  5.0600E+01  4.145E-03  4.145E-03  2.566E-03  2.566E-03
   110  4.8300E+01  4.154E-03  4.154E-03  1.813E-03  1.813E-03
   111  4.5200E+01  4.142E-03  4.142E-03  4.490E-03  4.490E-03
   112  4.4000E+01  4.141E-03  4.141E-03  3.268E-03  3.268E-03
   113  4.2400E+01  4.123E-03  4.123E-03  3.618E-03  3.618E-03
   114  4.1000E+01  4.124E-03  4.124E-03  3.511E-03  3.511E-03
   115  3.9600E+01  4.064E-03  4.064E-03  9.605E-03  9.605E-03
   116  3.9100E+01  4.077E-03  4.077E-03  4.267E-03  4.267E-03
   117  3.8000E+01  3.995E-03  3.995E-03  1.233E-02  1.233E-02
   118  3.7630E+01  3.826E-03  3.826E-03  1.224E-02  1.224E-02
   119  3.7270E+01  3.459E-03  3.459E-03  2.958E-02  2.958E-02
   120  3.7130E+01  3.057E-03  3.057E-03  2.976E-02  2.976E-02
   121  3.7000E+01  3.171E-03  3.171E-03  3.687E-03  3.687E-03
   122  3.6000E+01  4.263E-03  4.263E-03  8.762E-03  8.762E-03
   123  3.5500E+01  3.878E-03  3.878E-03  8.874E-03  8.874E-03
   124  3.5000E+01  3.917E-03  3.917E-03  3.462E-03  3.462E-03
   125  3.3750E+01  3.908E-03  3.908E-03  8.431E-03  8.431E-03
   126  3.3250E+01  3.926E-03  3.926E-03  2.741E-03  2.741E-03
   127  3.1750E+01  3.928E-03  3.928E-03  7.983E-03  7.983E-03
   128  3.1250E+01  3.906E-03  3.906E-03  3.106E-03  3.106E-03
   129  3.0000E+01  3.884E-03  3.884E-03  1.444E-03  1.444E-03
   130  2.7500E+01  3.862E-03  3.862E-03  1.329E-03  1.329E-03
   131  2.5000E+01  3.846E-03  3.846E-03  1.217E-03  1.217E-03
   132  2.2500E+01  3.816E-03  3.816E-03  3.803E-03  3.803E-03
   133  2.1750E+01  3.616E-03  3.616E-03  4.861E-03  4.861E-03
   134  2.1200E+01  2.722E-03  2.722E-03  2.994E-03  2.994E-03
   135  2.0500E+01  3.636E-03  3.636E-03  5.269E-03  5.269E-03
   136  2.0000E+01  3.603E-03  3.603E-03  4.423E-03  4.423E-03
   137  1.9400E+01  3.565E-03  3.565E-03  2.855E-03  2.855E-03
   138  1.8500E+01  3.580E-03  3.580E-03  1.608E-03  1.608E-03
   139  1.7000E+01  3.539E-03  3.539E-03  2.242E-03  2.242E-03
   140  1.6000E+01  3.511E-03  3.511E-03  1.291E-03  1.291E-03
   141  1.4400E+01  3.524E-03  3.524E-03  1.241E-03  1.241E-03
   142  1.2900E+01  3.466E-03  3.466E-03  1.683E-03  1.683E-03
   143  1.1900E+01  3.438E-03  3.438E-03  3.946E-03  3.946E-03
   144  1.1500E+01  3.473E-03  3.473E-03  9.798E-04  9.798E-04
   145  1.0000E+01  3.452E-03  3.452E-03  1.449E-03  1.449E-03
   146  9.1000E+00  3.381E-03  3.381E-03  1.169E-03  1.169E-03
   147  8.1000E+00  3.384E-03  3.384E-03  1.122E-03  1.122E-03
   148  7.1500E+00  3.249E-03  3.249E-03  6.595E-03  6.595E-03
   149  7.0000E+00  3.068E-03  3.068E-03  7.423E-03  7.423E-03
   150  6.8750E+00  2.457E-03  2.457E-03  6.097E-03  6.097E-03
   151  6.7500E+00  2.262E-03  2.262E-03  2.930E-03  2.930E-03
   152  6.5000E+00  2.835E-03  2.835E-03  3.669E-03  3.669E-03
   153  6.2500E+00  3.001E-03  3.001E-03  3.799E-03  3.799E-03
   154  6.0000E+00  2.966E-03  2.966E-03  1.492E-03  1.492E-03
   155  5.4000E+00  2.899E-03  2.899E-03  2.057E-03  2.057E-03
   156  5.0000E+00  3.034E-03  3.034E-03  2.560E-03  2.560E-03
   157  4.7000E+00  3.200E-03  3.200E-03  1.167E-03  1.167E-03
   158  4.1000E+00  3.119E-03  3.119E-03  1.689E-03  1.689E-03
   159  3.7300E+00  2.872E-03  2.872E-03  2.509E-03  2.509E-03
   160  3.5000E+00  2.910E-03  2.910E-03  1.786E-03  1.786E-03
   161  3.2000E+00  2.987E-03  2.987E-03  5.042E-03  5.042E-03
   162  3.1000E+00  3.141E-03  3.141E-03  4.884E-03  4.884E-03
   163  3.0000E+00  3.264E-03  3.264E-03  1.594E-02  1.594E-02
   164  2.9700E+00  3.086E-03  3.086E-03  4.676E-03  4.676E-03
   165  2.8700E+00  3.036E-03  3.036E-03  4.516E-03  4.516E-03
   166  2.7700E+00  3.043E-03  3.043E-03  4.356E-03  4.356E-03
   167  2.6700E+00  3.050E-03  3.050E-03  4.197E-03  4.197E-03
   168  2.5700E+00  3.056E-03  3.056E-03  4.038E-03  4.038E-03
   169  2.4700E+00  3.063E-03  3.063E-03  4.319E-03  4.319E-03
   170  2.3800E+00  3.070E-03  3.070E-03  4.689E-03  4.689E-03
   171  2.3000E+00  3.077E-03  3.077E-03  4.018E-03  4.018E-03
   172  2.2100E+00  3.084E-03  3.084E-03  3.857E-03  3.857E-03
   173  2.1200E+00  3.093E-03  3.093E-03  2.748E-03  2.748E-03
   174  2.0000E+00  3.141E-03  3.141E-03  5.265E-03  5.265E-03
   175  1.9400E+00  3.157E-03  3.157E-03  3.813E-03  3.813E-03
   176  1.8600E+00  3.182E-03  3.182E-03  3.239E-03  3.239E-03
   177  1.7700E+00  3.210E-03  3.210E-03  3.080E-03  3.080E-03
   178  1.6800E+00  3.236E-03  3.236E-03  2.920E-03  2.920E-03
   179  1.5900E+00  3.259E-03  3.259E-03  2.760E-03  2.760E-03
   180  1.5000E+00  3.276E-03  3.276E-03  4.745E-03  4.745E-03
   181  1.4500E+00  3.287E-03  3.287E-03  4.585E-03  4.585E-03
   182  1.4000E+00  3.298E-03  3.298E-03  4.425E-03  4.425E-03
   183  1.3500E+00  3.309E-03  3.309E-03  4.265E-03  4.265E-03
   184  1.3000E+00  3.319E-03  3.319E-03  4.105E-03  4.105E-03
   185  1.2500E+00  3.325E-03  3.325E-03  7.971E-03  7.971E-03
   186  1.2250E+00  3.327E-03  3.327E-03  7.812E-03  7.812E-03
   187  1.2000E+00  3.328E-03  3.328E-03  7.653E-03  7.653E-03
   188  1.1750E+00  3.328E-03  3.328E-03  7.493E-03  7.493E-03
   189  1.1500E+00  3.328E-03  3.328E-03  1.844E-02  1.844E-02
   190  1.1400E+00  3.327E-03  3.327E-03  1.827E-02  1.827E-02
   191  1.1300E+00  3.325E-03  3.325E-03  1.810E-02  1.810E-02
   192  1.1200E+00  3.322E-03  3.322E-03  1.791E-02  1.791E-02
   193  1.1100E+00  3.318E-03  3.318E-03  1.771E-02  1.771E-02
   194  1.1000E+00  3.311E-03  3.311E-03  1.750E-02  1.750E-02
   195  1.0900E+00  3.303E-03  3.303E-03  1.729E-02  1.729E-02
   196  1.0800E+00  3.297E-03  3.297E-03  1.708E-02  1.708E-02
   197  1.0700E+00  3.294E-03  3.294E-03  1.689E-02  1.689E-02
   198  1.0600E+00  3.297E-03  3.297E-03  1.673E-02  1.673E-02
   199  1.0500E+00  3.306E-03  3.306E-03  1.659E-02  1.659E-02
   200  1.0400E+00  3.321E-03  3.321E-03  1.648E-02  1.648E-02
   201  1.0300E+00  3.340E-03  3.340E-03  1.638E-02  1.638E-02
   202  1.0200E+00  3.361E-03  3.361E-03  1.629E-02  1.629E-02
   203  1.0100E+00  3.380E-03  3.380E-03  1.619E-02  1.619E-02
   204  1.0000E+00  3.408E-03  3.408E-03  6.390E-03  6.390E-03
   205  9.7500E-01  3.441E-03  3.441E-03  6.251E-03  6.251E-03
   206  9.5000E-01  3.469E-03  3.469E-03  6.100E-03  6.100E-03
   207  9.2500E-01  3.498E-03  3.498E-03  5.944E-03  5.944E-03
   208  9.0000E-01  3.544E-03  3.544E-03  2.853E-03  2.853E-03
   209  8.5000E-01  3.614E-03  3.614E-03  2.693E-03  2.693E-03
   210  8.0000E-01  3.705E-03  3.705E-03  2.531E-03  2.531E-03
   211  7.5000E-01  3.826E-03  3.826E-03  2.369E-03  2.369E-03
   212  7.0000E-01  3.980E-03  3.980E-03  2.206E-03  2.206E-03
   213  6.5000E-01  4.120E-03  4.120E-03  4.170E-03  4.170E-03
   214  6.2500E-01  4.235E-03  4.235E-03  4.007E-03  4.007E-03
   215  6.0000E-01  4.436E-03  4.436E-03  1.880E-03  1.880E-03
   216  5.5000E-01  4.771E-03  4.771E-03  1.717E-03  1.717E-03
   217  5.0000E-01  5.195E-03  5.195E-03  1.553E-03  1.553E-03
   218  4.5000E-01  5.712E-03  5.712E-03  1.390E-03  1.390E-03
   219  4.0000E-01  6.149E-03  6.149E-03  2.536E-03  2.536E-03
   220  3.7500E-01  6.466E-03  6.466E-03  2.372E-03  2.372E-03
   221  3.5000E-01  6.782E-03  6.782E-03  2.208E-03  2.208E-03
   222  3.2500E-01  7.094E-03  7.094E-03  2.043E-03  2.043E-03
   223  3.0000E-01  7.445E-03  7.445E-03  1.879E-03  1.879E-03
   224  2.7500E-01  7.830E-03  7.830E-03  1.716E-03  1.716E-03
   225  2.5000E-01  8.170E-03  8.170E-03  1.553E-03  1.553E-03
   226  2.2500E-01  8.397E-03  8.397E-03  1.390E-03  1.390E-03
   227  2.0000E-01  8.425E-03  8.425E-03  1.227E-03  1.227E-03
   228  1.7500E-01  8.171E-03  8.171E-03  1.064E-03  1.064E-03
   229  1.5000E-01  7.547E-03  7.547E-03  9.001E-04  9.001E-04
   230  1.2500E-01  6.598E-03  6.598E-03  7.360E-04  7.360E-04
   231  1.0000E-01  5.719E-03  5.719E-03  1.560E-03  1.560E-03
   232  9.0000E-02  5.070E-03  5.070E-03  1.397E-03  1.397E-03
   233  8.0000E-02  4.340E-03  4.340E-03  1.233E-03  1.233E-03
   234  7.0000E-02  3.581E-03  3.581E-03  1.070E-03  1.070E-03
   235  6.0000E-02  2.811E-03  2.811E-03  9.056E-04  9.056E-04
   236  5.0000E-02  2.054E-03  2.054E-03  7.411E-04  7.411E-04
   237  4.0000E-02  1.336E-03  1.336E-03  5.757E-04  5.757E-04
   238  3.0000E-02  8.896E-04  8.896E-04  9.730E-04  9.730E-04
   239  2.5300E-02  3.538E-04  3.538E-04  1.788E-04  1.788E-04
   240  1.0000E-02  9.625E-05  9.625E-05  5.773E-04  5.773E-04
   241  7.5000E-03  4.991E-05  4.991E-05  4.095E-04  4.095E-04
   242  5.0000E-03  2.628E-05  2.628E-05  7.443E-04  7.443E-04
   243  4.0000E-03  1.605E-05  1.605E-05  5.772E-04  5.772E-04
   244  3.0000E-03  1.012E-05  1.012E-05  9.103E-04  9.103E-04
   245  2.5000E-03  6.876E-06  6.876E-06  7.433E-04  7.433E-04
   246  2.0000E-03  3.975E-06  3.975E-06  5.767E-04  5.767E-04
   247  1.5000E-03  1.959E-06  1.959E-06  7.443E-04  7.443E-04
   248  1.2000E-03  1.135E-06  1.135E-06  9.109E-04  9.109E-04
   249  1.0000E-03  5.966E-07  5.966E-07  5.774E-04  5.774E-04
   250  7.5000E-04  2.476E-07  2.476E-07  4.097E-04  4.097E-04
   251  5.0000E-04  2.107E-08  2.107E-08  1.035E-04  1.035E-04
   252  1.0000E-04  4.600E-11  4.600E-11  7.336E-05  7.336E-05

