
     1  2.0000E+07  0.000E+00  0.000E+00  7.478E-04  7.478E-04
     2  1.7330E+07  1.153E-07  1.153E-07  1.146E-03  1.146E-03
     3  1.5680E+07  7.759E-07  7.759E-07  1.541E-03  1.541E-03
     4  1.4550E+07  1.597E-06  1.597E-06  2.249E-03  2.249E-03
     5  1.3840E+07  3.056E-06  3.056E-06  1.479E-03  1.479E-03
     6  1.2840E+07  1.596E-05  1.596E-05  4.369E-04  4.369E-04
     7  1.0000E+07  6.343E-05  6.343E-05  5.407E-04  5.407E-04
     8  8.1870E+06  2.259E-04  2.259E-04  4.997E-04  4.997E-04
     9  6.4340E+06  6.189E-04  6.189E-04  4.237E-04  4.237E-04
    10  4.8000E+06  1.000E-03  1.000E-03  1.145E-03  1.145E-03
    11  4.3040E+06  1.274E-03  1.274E-03  3.466E-04  3.466E-04
    12  3.0000E+06  2.129E-03  2.129E-03  6.525E-04  6.525E-04
    13  2.4790E+06  2.754E-03  2.754E-03  2.403E-03  2.403E-03
    14  2.3540E+06  3.342E-03  3.342E-03  5.162E-04  5.162E-04
    15  1.8500E+06  3.905E-03  3.905E-03  5.931E-04  5.931E-04
    16  1.5000E+06  4.060E-03  4.060E-03  1.803E-03  1.803E-03
    17  1.4000E+06  4.024E-03  4.024E-03  3.896E-03  3.896E-03
    18  1.3560E+06  4.015E-03  4.015E-03  4.263E-03  4.263E-03
    19  1.3170E+06  3.979E-03  3.979E-03  2.383E-03  2.383E-03
    20  1.2500E+06  3.978E-03  3.978E-03  3.048E-03  3.048E-03
    21  1.2000E+06  4.073E-03  4.073E-03  1.430E-03  1.430E-03
    22  1.1000E+06  4.118E-03  4.118E-03  1.458E-03  1.458E-03
    23  1.0100E+06  4.074E-03  4.074E-03  1.333E-03  1.333E-03
    24  9.2000E+05  4.045E-03  4.045E-03  5.663E-03  5.663E-03
    25  9.0000E+05  4.073E-03  4.073E-03  4.418E-03  4.418E-03
    26  8.7500E+05  4.062E-03  4.062E-03  7.773E-03  7.773E-03
    27  8.6110E+05  4.068E-03  4.068E-03  2.545E-03  2.545E-03
    28  8.2000E+05  4.082E-03  4.082E-03  1.395E-03  1.395E-03
    29  7.5000E+05  4.074E-03  4.074E-03  1.252E-03  1.252E-03
    30  6.7900E+05  4.038E-03  4.038E-03  9.332E-03  9.332E-03
    31  6.7000E+05  3.934E-03  3.934E-03  1.128E-03  1.128E-03
    32  6.0000E+05  3.898E-03  3.898E-03  2.705E-03  2.705E-03
    33  5.7300E+05  3.914E-03  3.914E-03  3.040E-03  3.040E-03
    34  5.5000E+05  3.814E-03  3.814E-03  1.118E-03  1.118E-03
    35  4.9200E+05  3.807E-03  3.807E-03  2.723E-03  2.723E-03
    36  4.7000E+05  3.688E-03  3.688E-03  1.889E-03  1.889E-03
    37  4.4000E+05  3.519E-03  3.519E-03  2.678E-03  2.678E-03
    38  4.2000E+05  3.506E-03  3.506E-03  2.553E-03  2.553E-03
    39  4.0000E+05  3.378E-03  3.378E-03  6.477E-04  6.477E-04
    40  3.3000E+05  3.122E-03  3.122E-03  6.210E-04  6.210E-04
    41  2.7000E+05  3.095E-03  3.095E-03  4.153E-04  4.153E-04
    42  2.0000E+05  3.272E-03  3.272E-03  4.235E-04  4.235E-04
    43  1.4900E+05  3.287E-03  3.287E-03  8.336E-04  8.336E-04
    44  1.2830E+05  3.128E-03  3.128E-03  5.004E-04  5.004E-04
    45  1.0000E+05  3.080E-03  3.080E-03  7.676E-04  7.676E-04
    46  8.5000E+04  3.422E-03  3.422E-03  3.472E-03  3.472E-03
    47  8.2000E+04  3.399E-03  3.399E-03  1.398E-03  1.398E-03
    48  7.5000E+04  3.327E-03  3.327E-03  4.617E-03  4.617E-03
    49  7.3000E+04  3.301E-03  3.301E-03  6.364E-04  6.364E-04
    50  6.0000E+04  3.254E-03  3.254E-03  8.724E-04  8.724E-04
    51  5.2000E+04  3.069E-03  3.069E-03  3.184E-03  3.184E-03
    52  5.0000E+04  2.985E-03  2.985E-03  1.185E-03  1.185E-03
    53  4.5000E+04  3.220E-03  3.220E-03  3.081E-04  3.081E-04
    54  3.0000E+04  3.176E-03  3.176E-03  3.084E-04  3.084E-04
    55  2.0000E+04  3.174E-03  3.174E-03  7.703E-04  7.703E-04
    56  1.7000E+04  3.154E-03  3.154E-03  4.670E-04  4.670E-04
    57  1.3000E+04  3.141E-03  3.141E-03  3.997E-04  3.997E-04
    58  9.5000E+03  3.133E-03  3.133E-03  7.466E-04  7.466E-04
    59  8.0300E+03  3.123E-03  3.123E-03  3.665E-04  3.665E-04
    60  5.7000E+03  3.111E-03  3.111E-03  3.315E-04  3.315E-04
    61  3.9000E+03  3.108E-03  3.108E-03  3.009E-03  3.009E-03
    62  3.7400E+03  3.100E-03  3.100E-03  5.718E-04  5.718E-04
    63  3.0000E+03  3.091E-03  3.091E-03  6.922E-04  6.922E-04
    64  2.5000E+03  3.091E-03  3.091E-03  1.199E-03  1.199E-03
    65  2.2500E+03  3.082E-03  3.082E-03  5.624E-03  5.624E-03
    66  2.2000E+03  3.080E-03  3.080E-03  6.302E-04  6.302E-04
    67  1.8000E+03  3.076E-03  3.076E-03  8.470E-04  8.470E-04
    68  1.5500E+03  3.067E-03  3.067E-03  3.864E-03  3.864E-03
    69  1.5000E+03  3.066E-03  3.066E-03  4.775E-04  4.775E-04
    70  1.1500E+03  3.057E-03  3.057E-03  6.653E-04  6.653E-04
    71  9.5000E+02  3.045E-03  3.045E-03  3.860E-04  3.860E-04
    72  6.8300E+02  3.007E-03  3.007E-03  6.635E-03  6.635E-03
    73  6.7000E+02  3.036E-03  3.036E-03  6.475E-04  6.475E-04
    74  5.5000E+02  3.011E-03  3.011E-03  2.173E-04  2.173E-04
    75  3.0500E+02  2.978E-03  2.978E-03  1.902E-03  1.902E-03
    76  2.8500E+02  2.981E-03  2.981E-03  7.528E-04  7.528E-04
    77  2.4000E+02  2.955E-03  2.955E-03  1.490E-03  1.490E-03
    78  2.2000E+02  2.989E-03  2.989E-03  2.667E-03  2.667E-03
    79  2.0950E+02  2.970E-03  2.970E-03  1.295E-02  1.295E-02
    80  2.0740E+02  2.969E-03  2.969E-03  4.945E-03  4.945E-03
    81  2.0200E+02  2.922E-03  2.922E-03  2.837E-03  2.837E-03
    82  1.9300E+02  2.808E-03  2.808E-03  1.618E-02  1.618E-02
    83  1.9150E+02  2.992E-03  2.992E-03  8.293E-03  8.293E-03
    84  1.8850E+02  2.955E-03  2.955E-03  3.079E-02  3.079E-02
    85  1.8770E+02  2.959E-03  2.959E-03  3.126E-03  3.126E-03
    86  1.8000E+02  2.899E-03  2.899E-03  2.280E-03  2.280E-03
    87  1.7000E+02  2.953E-03  2.953E-03  7.574E-04  7.574E-04
    88  1.4300E+02  2.929E-03  2.929E-03  8.269E-04  8.269E-04
    89  1.2200E+02  2.819E-03  2.819E-03  5.151E-03  5.151E-03
    90  1.1900E+02  2.939E-03  2.939E-03  1.044E-02  1.044E-02
    91  1.1750E+02  2.921E-03  2.921E-03  1.030E-02  1.030E-02
    92  1.1600E+02  2.842E-03  2.842E-03  4.980E-03  4.980E-03
    93  1.1300E+02  2.895E-03  2.895E-03  2.909E-03  2.909E-03
    94  1.0800E+02  2.905E-03  2.905E-03  4.715E-03  4.715E-03
    95  1.0500E+02  2.906E-03  2.906E-03  3.602E-03  3.602E-03
    96  1.0120E+02  2.900E-03  2.900E-03  3.132E-03  3.132E-03
    97  9.7000E+01  2.899E-03  2.899E-03  1.770E-03  1.770E-03
    98  9.0000E+01  2.898E-03  2.898E-03  1.372E-03  1.372E-03
    99  8.1700E+01  2.898E-03  2.898E-03  6.313E-03  6.313E-03
   100  8.0000E+01  2.897E-03  2.897E-03  2.592E-03  2.592E-03
   101  7.6000E+01  2.889E-03  2.889E-03  2.463E-03  2.463E-03
   102  7.2000E+01  2.807E-03  2.807E-03  2.023E-03  2.023E-03
   103  6.7500E+01  2.871E-03  2.871E-03  3.552E-03  3.552E-03
   104  6.5000E+01  2.868E-03  2.868E-03  4.296E-03  4.296E-03
   105  6.3000E+01  2.866E-03  2.866E-03  4.163E-03  4.163E-03
   106  6.1000E+01  2.776E-03  2.776E-03  2.607E-03  2.607E-03
   107  5.8000E+01  2.843E-03  2.843E-03  1.634E-03  1.634E-03
   108  5.3400E+01  2.841E-03  2.841E-03  2.504E-03  2.504E-03
   109  5.0600E+01  2.837E-03  2.837E-03  2.900E-03  2.900E-03
   110  4.8300E+01  2.839E-03  2.839E-03  2.033E-03  2.033E-03
   111  4.5200E+01  2.838E-03  2.838E-03  5.012E-03  5.012E-03
   112  4.4000E+01  2.835E-03  2.835E-03  3.640E-03  3.640E-03
   113  4.2400E+01  2.838E-03  2.838E-03  4.015E-03  4.015E-03
   114  4.1000E+01  2.836E-03  2.836E-03  3.881E-03  3.881E-03
   115  3.9600E+01  2.836E-03  2.836E-03  1.061E-02  1.061E-02
   116  3.9100E+01  2.837E-03  2.837E-03  4.723E-03  4.723E-03
   117  3.8000E+01  2.836E-03  2.836E-03  1.378E-02  1.378E-02
   118  3.7630E+01  2.835E-03  2.835E-03  1.403E-02  1.403E-02
   119  3.7270E+01  2.836E-03  2.836E-03  3.583E-02  3.583E-02
   120  3.7130E+01  2.836E-03  2.836E-03  3.844E-02  3.844E-02
   121  3.7000E+01  2.834E-03  2.834E-03  4.924E-03  4.924E-03
   122  3.6000E+01  2.834E-03  2.834E-03  9.649E-03  9.649E-03
   123  3.5500E+01  2.834E-03  2.834E-03  9.517E-03  9.517E-03
   124  3.5000E+01  2.831E-03  2.831E-03  3.711E-03  3.711E-03
   125  3.3750E+01  2.832E-03  2.832E-03  9.032E-03  9.032E-03
   126  3.3250E+01  2.831E-03  2.831E-03  2.917E-03  2.917E-03
   127  3.1750E+01  2.831E-03  2.831E-03  8.475E-03  8.475E-03
   128  3.1250E+01  2.831E-03  2.831E-03  3.292E-03  3.292E-03
   129  3.0000E+01  2.828E-03  2.828E-03  1.548E-03  1.548E-03
   130  2.7500E+01  2.824E-03  2.824E-03  1.423E-03  1.423E-03
   131  2.5000E+01  2.692E-03  2.692E-03  1.261E-03  1.261E-03
   132  2.2500E+01  2.578E-03  2.578E-03  3.901E-03  3.901E-03
   133  2.1750E+01  2.588E-03  2.588E-03  5.210E-03  5.210E-03
   134  2.1200E+01  2.714E-03  2.714E-03  4.164E-03  4.164E-03
   135  2.0500E+01  2.712E-03  2.712E-03  5.667E-03  5.667E-03
   136  2.0000E+01  2.709E-03  2.709E-03  4.594E-03  4.594E-03
   137  1.9400E+01  2.693E-03  2.693E-03  2.949E-03  2.949E-03
   138  1.8500E+01  2.694E-03  2.694E-03  1.654E-03  1.654E-03
   139  1.7000E+01  2.685E-03  2.685E-03  2.309E-03  2.309E-03
   140  1.6000E+01  2.688E-03  2.688E-03  1.327E-03  1.327E-03
   141  1.4400E+01  2.686E-03  2.686E-03  1.271E-03  1.271E-03
   142  1.2900E+01  2.677E-03  2.677E-03  1.733E-03  1.733E-03
   143  1.1900E+01  2.682E-03  2.682E-03  4.083E-03  4.083E-03
   144  1.1500E+01  2.668E-03  2.668E-03  9.994E-04  9.994E-04
   145  1.0000E+01  2.669E-03  2.669E-03  1.478E-03  1.478E-03
   146  9.1000E+00  2.669E-03  2.669E-03  1.197E-03  1.197E-03
   147  8.1000E+00  2.667E-03  2.667E-03  1.116E-03  1.116E-03
   148  7.1500E+00  2.659E-03  2.659E-03  6.569E-03  6.569E-03
   149  7.0000E+00  2.638E-03  2.638E-03  7.742E-03  7.742E-03
   150  6.8750E+00  2.620E-03  2.620E-03  7.614E-03  7.614E-03
   151  6.7500E+00  2.640E-03  2.640E-03  3.694E-03  3.694E-03
   152  6.5000E+00  2.650E-03  2.650E-03  3.548E-03  3.548E-03
   153  6.2500E+00  2.649E-03  2.649E-03  3.408E-03  3.408E-03
   154  6.0000E+00  2.646E-03  2.646E-03  1.319E-03  1.319E-03
   155  5.4000E+00  2.643E-03  2.643E-03  1.805E-03  1.805E-03
   156  5.0000E+00  2.809E-03  2.809E-03  2.246E-03  2.246E-03
   157  4.7000E+00  2.911E-03  2.911E-03  1.016E-03  1.016E-03
   158  4.1000E+00  2.841E-03  2.841E-03  1.467E-03  1.467E-03
   159  3.7300E+00  2.626E-03  2.626E-03  2.180E-03  2.180E-03
   160  3.5000E+00  2.655E-03  2.655E-03  1.547E-03  1.547E-03
   161  3.2000E+00  2.740E-03  2.740E-03  4.364E-03  4.364E-03
   162  3.1000E+00  2.892E-03  2.892E-03  4.225E-03  4.225E-03
   163  3.0000E+00  3.007E-03  3.007E-03  1.378E-02  1.378E-02
   164  2.9700E+00  2.831E-03  2.831E-03  4.044E-03  4.044E-03
   165  2.8700E+00  2.781E-03  2.781E-03  3.905E-03  3.905E-03
   166  2.7700E+00  2.788E-03  2.788E-03  3.766E-03  3.766E-03
   167  2.6700E+00  2.794E-03  2.794E-03  3.627E-03  3.627E-03
   168  2.5700E+00  2.798E-03  2.798E-03  3.488E-03  3.488E-03
   169  2.4700E+00  2.793E-03  2.793E-03  3.727E-03  3.727E-03
   170  2.3800E+00  2.766E-03  2.766E-03  4.046E-03  4.046E-03
   171  2.3000E+00  2.762E-03  2.762E-03  3.471E-03  3.471E-03
   172  2.2100E+00  2.788E-03  2.788E-03  3.334E-03  3.334E-03
   173  2.1200E+00  2.803E-03  2.803E-03  2.378E-03  2.378E-03
   174  2.0000E+00  2.829E-03  2.829E-03  4.550E-03  4.550E-03
   175  1.9400E+00  2.821E-03  2.821E-03  3.293E-03  3.293E-03
   176  1.8600E+00  2.816E-03  2.816E-03  2.798E-03  2.798E-03
   177  1.7700E+00  2.831E-03  2.831E-03  2.653E-03  2.653E-03
   178  1.6800E+00  2.860E-03  2.860E-03  2.505E-03  2.505E-03
   179  1.5900E+00  2.883E-03  2.883E-03  2.361E-03  2.361E-03
   180  1.5000E+00  2.900E-03  2.900E-03  4.051E-03  4.051E-03
   181  1.4500E+00  2.913E-03  2.913E-03  3.909E-03  3.909E-03
   182  1.4000E+00  2.927E-03  2.927E-03  3.768E-03  3.768E-03
   183  1.3500E+00  2.942E-03  2.942E-03  3.627E-03  3.627E-03
   184  1.3000E+00  2.961E-03  2.961E-03  3.487E-03  3.487E-03
   185  1.2500E+00  2.977E-03  2.977E-03  6.764E-03  6.764E-03
   186  1.2250E+00  2.990E-03  2.990E-03  6.625E-03  6.625E-03
   187  1.2000E+00  3.004E-03  3.004E-03  6.485E-03  6.485E-03
   188  1.1750E+00  3.020E-03  3.020E-03  6.346E-03  6.346E-03
   189  1.1500E+00  3.031E-03  3.031E-03  1.562E-02  1.562E-02
   190  1.1400E+00  3.038E-03  3.038E-03  1.549E-02  1.549E-02
   191  1.1300E+00  3.044E-03  3.044E-03  1.535E-02  1.535E-02
   192  1.1200E+00  3.052E-03  3.052E-03  1.521E-02  1.521E-02
   193  1.1100E+00  3.059E-03  3.059E-03  1.507E-02  1.507E-02
   194  1.1000E+00  3.067E-03  3.067E-03  1.493E-02  1.493E-02
   195  1.0900E+00  3.075E-03  3.075E-03  1.479E-02  1.479E-02
   196  1.0800E+00  3.084E-03  3.084E-03  1.465E-02  1.465E-02
   197  1.0700E+00  3.093E-03  3.093E-03  1.452E-02  1.452E-02
   198  1.0600E+00  3.102E-03  3.102E-03  1.438E-02  1.438E-02
   199  1.0500E+00  3.112E-03  3.112E-03  1.424E-02  1.424E-02
   200  1.0400E+00  3.123E-03  3.123E-03  1.410E-02  1.410E-02
   201  1.0300E+00  3.134E-03  3.134E-03  1.397E-02  1.397E-02
   202  1.0200E+00  3.146E-03  3.146E-03  1.383E-02  1.383E-02
   203  1.0100E+00  3.158E-03  3.158E-03  1.369E-02  1.369E-02
   204  1.0000E+00  3.183E-03  3.183E-03  5.379E-03  5.379E-03
   205  9.7500E-01  3.222E-03  3.222E-03  5.242E-03  5.242E-03
   206  9.5000E-01  3.267E-03  3.267E-03  5.104E-03  5.104E-03
   207  9.2500E-01  3.319E-03  3.319E-03  4.967E-03  4.967E-03
   208  9.0000E-01  3.412E-03  3.412E-03  2.380E-03  2.380E-03
   209  8.5000E-01  3.571E-03  3.571E-03  2.243E-03  2.243E-03
   210  8.0000E-01  3.792E-03  3.792E-03  2.106E-03  2.106E-03
   211  7.5000E-01  4.113E-03  4.113E-03  1.970E-03  1.970E-03
   212  7.0000E-01  4.568E-03  4.568E-03  1.833E-03  1.833E-03
   213  6.5000E-01  5.018E-03  5.018E-03  3.463E-03  3.463E-03
   214  6.2500E-01  5.402E-03  5.402E-03  3.327E-03  3.327E-03
   215  6.0000E-01  6.119E-03  6.119E-03  1.560E-03  1.560E-03
   216  5.5000E-01  7.378E-03  7.378E-03  1.424E-03  1.424E-03
   217  5.0000E-01  9.083E-03  9.083E-03  1.288E-03  1.288E-03
   218  4.5000E-01  1.132E-02  1.132E-02  1.152E-03  1.152E-03
   219  4.0000E-01  1.335E-02  1.335E-02  2.101E-03  2.101E-03
   220  3.7500E-01  1.494E-02  1.494E-02  1.965E-03  1.965E-03
   221  3.5000E-01  1.665E-02  1.665E-02  1.829E-03  1.829E-03
   222  3.2500E-01  1.843E-02  1.843E-02  1.693E-03  1.693E-03
   223  3.0000E-01  2.025E-02  2.025E-02  1.557E-03  1.557E-03
   224  2.7500E-01  2.200E-02  2.200E-02  1.421E-03  1.421E-03
   225  2.5000E-01  2.352E-02  2.352E-02  1.285E-03  1.285E-03
   226  2.2500E-01  2.467E-02  2.467E-02  1.149E-03  1.149E-03
   227  2.0000E-01  2.521E-02  2.521E-02  1.013E-03  1.013E-03
   228  1.7500E-01  2.489E-02  2.489E-02  8.770E-04  8.770E-04
   229  1.5000E-01  2.342E-02  2.342E-02  7.412E-04  7.412E-04
   230  1.2500E-01  2.087E-02  2.087E-02  6.055E-04  6.055E-04
   231  1.0000E-01  1.836E-02  1.836E-02  1.282E-03  1.282E-03
   232  9.0000E-02  1.644E-02  1.644E-02  1.147E-03  1.147E-03
   233  8.0000E-02  1.423E-02  1.423E-02  1.012E-03  1.012E-03
   234  7.0000E-02  1.190E-02  1.190E-02  8.763E-04  8.763E-04
   235  6.0000E-02  9.477E-03  9.477E-03  7.409E-04  7.409E-04
   236  5.0000E-02  7.049E-03  7.049E-03  6.053E-04  6.053E-04
   237  4.0000E-02  4.693E-03  4.693E-03  4.694E-04  4.694E-04
   238  3.0000E-02  3.186E-03  3.186E-03  7.925E-04  7.925E-04
   239  2.5300E-02  1.317E-03  1.317E-03  1.454E-04  1.454E-04
   240  1.0000E-02  3.755E-04  3.755E-04  4.691E-04  4.691E-04
   241  7.5000E-03  1.973E-04  1.973E-04  3.327E-04  3.327E-04
   242  5.0000E-03  1.052E-04  1.052E-04  6.045E-04  6.045E-04
   243  4.0000E-03  6.426E-05  6.426E-05  4.688E-04  4.688E-04
   244  3.0000E-03  4.022E-05  4.022E-05  7.395E-04  7.395E-04
   245  2.5000E-03  2.702E-05  2.702E-05  6.041E-04  6.041E-04
   246  2.0000E-03  1.587E-05  1.587E-05  4.686E-04  4.686E-04
   247  1.5000E-03  8.153E-06  8.153E-06  6.043E-04  6.043E-04
   248  1.2000E-03  4.710E-06  4.710E-06  7.399E-04  7.399E-04
   249  1.0000E-03  2.529E-06  2.529E-06  4.691E-04  4.691E-04
   250  7.5000E-04  1.036E-06  1.036E-06  3.331E-04  3.331E-04
   251  5.0000E-04  8.735E-08  8.735E-08  8.418E-05  8.418E-05
   252  1.0000E-04  2.016E-10  2.016E-10  5.946E-05  5.946E-05


     1  2.0000E+07  0.000E+00  0.000E+00  7.479E-04  7.479E-04
     2  1.7330E+07  1.153E-07  1.153E-07  1.146E-03  1.146E-03
     3  1.5680E+07  7.762E-07  7.762E-07  1.541E-03  1.541E-03
     4  1.4550E+07  1.597E-06  1.597E-06  2.250E-03  2.250E-03
     5  1.3840E+07  3.057E-06  3.057E-06  1.479E-03  1.479E-03
     6  1.2840E+07  1.597E-05  1.597E-05  4.370E-04  4.370E-04
     7  1.0000E+07  6.346E-05  6.346E-05  5.408E-04  5.408E-04
     8  8.1870E+06  2.260E-04  2.260E-04  4.998E-04  4.998E-04
     9  6.4340E+06  6.191E-04  6.191E-04  4.237E-04  4.237E-04
    10  4.8000E+06  1.000E-03  1.000E-03  1.145E-03  1.145E-03
    11  4.3040E+06  1.274E-03  1.274E-03  3.466E-04  3.466E-04
    12  3.0000E+06  2.130E-03  2.130E-03  6.525E-04  6.525E-04
    13  2.4790E+06  2.755E-03  2.755E-03  2.403E-03  2.403E-03
    14  2.3540E+06  3.343E-03  3.343E-03  5.162E-04  5.162E-04
    15  1.8500E+06  3.907E-03  3.907E-03  5.931E-04  5.931E-04
    16  1.5000E+06  4.061E-03  4.061E-03  1.803E-03  1.803E-03
    17  1.4000E+06  4.026E-03  4.026E-03  3.896E-03  3.896E-03
    18  1.3560E+06  4.016E-03  4.016E-03  4.263E-03  4.263E-03
    19  1.3170E+06  3.981E-03  3.981E-03  2.383E-03  2.383E-03
    20  1.2500E+06  3.979E-03  3.979E-03  3.048E-03  3.048E-03
    21  1.2000E+06  4.075E-03  4.075E-03  1.430E-03  1.430E-03
    22  1.1000E+06  4.120E-03  4.120E-03  1.458E-03  1.458E-03
    23  1.0100E+06  4.076E-03  4.076E-03  1.333E-03  1.333E-03
    24  9.2000E+05  4.047E-03  4.047E-03  5.663E-03  5.663E-03
    25  9.0000E+05  4.075E-03  4.075E-03  4.418E-03  4.418E-03
    26  8.7500E+05  4.063E-03  4.063E-03  7.773E-03  7.773E-03
    27  8.6110E+05  4.070E-03  4.070E-03  2.545E-03  2.545E-03
    28  8.2000E+05  4.084E-03  4.084E-03  1.395E-03  1.395E-03
    29  7.5000E+05  4.075E-03  4.075E-03  1.252E-03  1.252E-03
    30  6.7900E+05  4.040E-03  4.040E-03  9.332E-03  9.332E-03
    31  6.7000E+05  3.936E-03  3.936E-03  1.129E-03  1.129E-03
    32  6.0000E+05  3.900E-03  3.900E-03  2.705E-03  2.705E-03
    33  5.7300E+05  3.916E-03  3.916E-03  3.040E-03  3.040E-03
    34  5.5000E+05  3.816E-03  3.816E-03  1.118E-03  1.118E-03
    35  4.9200E+05  3.809E-03  3.809E-03  2.723E-03  2.723E-03
    36  4.7000E+05  3.689E-03  3.689E-03  1.889E-03  1.889E-03
    37  4.4000E+05  3.520E-03  3.520E-03  2.678E-03  2.678E-03
    38  4.2000E+05  3.508E-03  3.508E-03  2.554E-03  2.554E-03
    39  4.0000E+05  3.379E-03  3.379E-03  6.477E-04  6.477E-04
    40  3.3000E+05  3.123E-03  3.123E-03  6.210E-04  6.210E-04
    41  2.7000E+05  3.096E-03  3.096E-03  4.153E-04  4.153E-04
    42  2.0000E+05  3.273E-03  3.273E-03  4.235E-04  4.235E-04
    43  1.4900E+05  3.289E-03  3.289E-03  8.336E-04  8.336E-04
    44  1.2830E+05  3.129E-03  3.129E-03  5.005E-04  5.005E-04
    45  1.0000E+05  3.081E-03  3.081E-03  7.676E-04  7.676E-04
    46  8.5000E+04  3.424E-03  3.424E-03  3.472E-03  3.472E-03
    47  8.2000E+04  3.401E-03  3.401E-03  1.398E-03  1.398E-03
    48  7.5000E+04  3.328E-03  3.328E-03  4.617E-03  4.617E-03
    49  7.3000E+04  3.302E-03  3.302E-03  6.364E-04  6.364E-04
    50  6.0000E+04  3.256E-03  3.256E-03  8.724E-04  8.724E-04
    51  5.2000E+04  3.070E-03  3.070E-03  3.184E-03  3.184E-03
    52  5.0000E+04  2.986E-03  2.986E-03  1.185E-03  1.185E-03
    53  4.5000E+04  3.222E-03  3.222E-03  3.081E-04  3.081E-04
    54  3.0000E+04  3.177E-03  3.177E-03  3.084E-04  3.084E-04
    55  2.0000E+04  3.174E-03  3.174E-03  7.703E-04  7.703E-04
    56  1.7000E+04  3.155E-03  3.155E-03  4.670E-04  4.670E-04
    57  1.3000E+04  3.143E-03  3.143E-03  3.998E-04  3.998E-04
    58  9.5000E+03  3.134E-03  3.134E-03  7.466E-04  7.466E-04
    59  8.0300E+03  3.124E-03  3.124E-03  3.665E-04  3.665E-04
    60  5.7000E+03  3.112E-03  3.112E-03  3.315E-04  3.315E-04
    61  3.9000E+03  3.109E-03  3.109E-03  3.009E-03  3.009E-03
    62  3.7400E+03  3.101E-03  3.101E-03  5.719E-04  5.719E-04
    63  3.0000E+03  3.093E-03  3.093E-03  6.923E-04  6.923E-04
    64  2.5000E+03  3.092E-03  3.092E-03  1.199E-03  1.199E-03
    65  2.2500E+03  3.084E-03  3.084E-03  5.624E-03  5.624E-03
    66  2.2000E+03  3.081E-03  3.081E-03  6.303E-04  6.303E-04
    67  1.8000E+03  3.077E-03  3.077E-03  8.470E-04  8.470E-04
    68  1.5500E+03  3.068E-03  3.068E-03  3.864E-03  3.864E-03
    69  1.5000E+03  3.067E-03  3.067E-03  4.776E-04  4.776E-04
    70  1.1500E+03  3.058E-03  3.058E-03  6.654E-04  6.654E-04
    71  9.5000E+02  3.046E-03  3.046E-03  3.860E-04  3.860E-04
    72  6.8300E+02  3.008E-03  3.008E-03  6.635E-03  6.635E-03
    73  6.7000E+02  3.037E-03  3.037E-03  6.475E-04  6.475E-04
    74  5.5000E+02  3.012E-03  3.012E-03  2.173E-04  2.173E-04
    75  3.0500E+02  2.979E-03  2.979E-03  1.902E-03  1.902E-03
    76  2.8500E+02  2.982E-03  2.982E-03  7.528E-04  7.528E-04
    77  2.4000E+02  2.956E-03  2.956E-03  1.490E-03  1.490E-03
    78  2.2000E+02  2.990E-03  2.990E-03  2.667E-03  2.667E-03
    79  2.0950E+02  2.971E-03  2.971E-03  1.296E-02  1.296E-02
    80  2.0740E+02  2.970E-03  2.970E-03  4.945E-03  4.945E-03
    81  2.0200E+02  2.923E-03  2.923E-03  2.837E-03  2.837E-03
    82  1.9300E+02  2.809E-03  2.809E-03  1.618E-02  1.618E-02
    83  1.9150E+02  2.993E-03  2.993E-03  8.293E-03  8.293E-03
    84  1.8850E+02  2.956E-03  2.956E-03  3.079E-02  3.079E-02
    85  1.8770E+02  2.960E-03  2.960E-03  3.126E-03  3.126E-03
    86  1.8000E+02  2.900E-03  2.900E-03  2.280E-03  2.280E-03
    87  1.7000E+02  2.954E-03  2.954E-03  7.574E-04  7.574E-04
    88  1.4300E+02  2.930E-03  2.930E-03  8.269E-04  8.269E-04
    89  1.2200E+02  2.820E-03  2.820E-03  5.151E-03  5.151E-03
    90  1.1900E+02  2.940E-03  2.940E-03  1.044E-02  1.044E-02
    91  1.1750E+02  2.922E-03  2.922E-03  1.030E-02  1.030E-02
    92  1.1600E+02  2.843E-03  2.843E-03  4.981E-03  4.981E-03
    93  1.1300E+02  2.896E-03  2.896E-03  2.909E-03  2.909E-03
    94  1.0800E+02  2.906E-03  2.906E-03  4.715E-03  4.715E-03
    95  1.0500E+02  2.907E-03  2.907E-03  3.602E-03  3.602E-03
    96  1.0120E+02  2.901E-03  2.901E-03  3.132E-03  3.132E-03
    97  9.7000E+01  2.900E-03  2.900E-03  1.770E-03  1.770E-03
    98  9.0000E+01  2.899E-03  2.899E-03  1.372E-03  1.372E-03
    99  8.1700E+01  2.899E-03  2.899E-03  6.313E-03  6.313E-03
   100  8.0000E+01  2.898E-03  2.898E-03  2.592E-03  2.592E-03
   101  7.6000E+01  2.890E-03  2.890E-03  2.463E-03  2.463E-03
   102  7.2000E+01  2.808E-03  2.808E-03  2.023E-03  2.023E-03
   103  6.7500E+01  2.872E-03  2.872E-03  3.553E-03  3.553E-03
   104  6.5000E+01  2.869E-03  2.869E-03  4.296E-03  4.296E-03
   105  6.3000E+01  2.867E-03  2.867E-03  4.163E-03  4.163E-03
   106  6.1000E+01  2.777E-03  2.777E-03  2.607E-03  2.607E-03
   107  5.8000E+01  2.844E-03  2.844E-03  1.634E-03  1.634E-03
   108  5.3400E+01  2.842E-03  2.842E-03  2.504E-03  2.504E-03
   109  5.0600E+01  2.838E-03  2.838E-03  2.900E-03  2.900E-03
   110  4.8300E+01  2.840E-03  2.840E-03  2.033E-03  2.033E-03
   111  4.5200E+01  2.838E-03  2.838E-03  5.012E-03  5.012E-03
   112  4.4000E+01  2.836E-03  2.836E-03  3.641E-03  3.641E-03
   113  4.2400E+01  2.839E-03  2.839E-03  4.015E-03  4.015E-03
   114  4.1000E+01  2.837E-03  2.837E-03  3.881E-03  3.881E-03
   115  3.9600E+01  2.837E-03  2.837E-03  1.061E-02  1.061E-02
   116  3.9100E+01  2.838E-03  2.838E-03  4.723E-03  4.723E-03
   117  3.8000E+01  2.837E-03  2.837E-03  1.378E-02  1.378E-02
   118  3.7630E+01  2.836E-03  2.836E-03  1.403E-02  1.403E-02
   119  3.7270E+01  2.837E-03  2.837E-03  3.583E-02  3.583E-02
   120  3.7130E+01  2.837E-03  2.837E-03  3.845E-02  3.845E-02
   121  3.7000E+01  2.835E-03  2.835E-03  4.925E-03  4.925E-03
   122  3.6000E+01  2.835E-03  2.835E-03  9.650E-03  9.650E-03
   123  3.5500E+01  2.835E-03  2.835E-03  9.518E-03  9.518E-03
   124  3.5000E+01  2.832E-03  2.832E-03  3.711E-03  3.711E-03
   125  3.3750E+01  2.833E-03  2.833E-03  9.032E-03  9.032E-03
   126  3.3250E+01  2.832E-03  2.832E-03  2.917E-03  2.917E-03
   127  3.1750E+01  2.831E-03  2.831E-03  8.476E-03  8.476E-03
   128  3.1250E+01  2.832E-03  2.832E-03  3.292E-03  3.292E-03
   129  3.0000E+01  2.829E-03  2.829E-03  1.548E-03  1.548E-03
   130  2.7500E+01  2.825E-03  2.825E-03  1.423E-03  1.423E-03
   131  2.5000E+01  2.693E-03  2.693E-03  1.261E-03  1.261E-03
   132  2.2500E+01  2.579E-03  2.579E-03  3.901E-03  3.901E-03
   133  2.1750E+01  2.589E-03  2.589E-03  5.211E-03  5.211E-03
   134  2.1200E+01  2.715E-03  2.715E-03  4.164E-03  4.164E-03
   135  2.0500E+01  2.713E-03  2.713E-03  5.667E-03  5.667E-03
   136  2.0000E+01  2.710E-03  2.710E-03  4.595E-03  4.595E-03
   137  1.9400E+01  2.694E-03  2.694E-03  2.949E-03  2.949E-03
   138  1.8500E+01  2.695E-03  2.695E-03  1.655E-03  1.655E-03
   139  1.7000E+01  2.686E-03  2.686E-03  2.310E-03  2.310E-03
   140  1.6000E+01  2.688E-03  2.688E-03  1.327E-03  1.327E-03
   141  1.4400E+01  2.686E-03  2.686E-03  1.271E-03  1.271E-03
   142  1.2900E+01  2.678E-03  2.678E-03  1.733E-03  1.733E-03
   143  1.1900E+01  2.683E-03  2.683E-03  4.083E-03  4.083E-03
   144  1.1500E+01  2.669E-03  2.669E-03  9.995E-04  9.995E-04
   145  1.0000E+01  2.670E-03  2.670E-03  1.478E-03  1.478E-03
   146  9.1000E+00  2.670E-03  2.670E-03  1.197E-03  1.197E-03
   147  8.1000E+00  2.668E-03  2.668E-03  1.116E-03  1.116E-03
   148  7.1500E+00  2.660E-03  2.660E-03  6.569E-03  6.569E-03
   149  7.0000E+00  2.639E-03  2.639E-03  7.742E-03  7.742E-03
   150  6.8750E+00  2.621E-03  2.621E-03  7.615E-03  7.615E-03
   151  6.7500E+00  2.641E-03  2.641E-03  3.694E-03  3.694E-03
   152  6.5000E+00  2.651E-03  2.651E-03  3.548E-03  3.548E-03
   153  6.2500E+00  2.650E-03  2.650E-03  3.408E-03  3.408E-03
   154  6.0000E+00  2.647E-03  2.647E-03  1.319E-03  1.319E-03
   155  5.4000E+00  2.644E-03  2.644E-03  1.805E-03  1.805E-03
   156  5.0000E+00  2.810E-03  2.810E-03  2.246E-03  2.246E-03
   157  4.7000E+00  2.912E-03  2.912E-03  1.017E-03  1.017E-03
   158  4.1000E+00  2.842E-03  2.842E-03  1.467E-03  1.467E-03
   159  3.7300E+00  2.627E-03  2.627E-03  2.180E-03  2.180E-03
   160  3.5000E+00  2.655E-03  2.655E-03  1.547E-03  1.547E-03
   161  3.2000E+00  2.741E-03  2.741E-03  4.364E-03  4.364E-03
   162  3.1000E+00  2.893E-03  2.893E-03  4.225E-03  4.225E-03
   163  3.0000E+00  3.008E-03  3.008E-03  1.378E-02  1.378E-02
   164  2.9700E+00  2.832E-03  2.832E-03  4.044E-03  4.044E-03
   165  2.8700E+00  2.782E-03  2.782E-03  3.905E-03  3.905E-03
   166  2.7700E+00  2.788E-03  2.788E-03  3.766E-03  3.766E-03
   167  2.6700E+00  2.794E-03  2.794E-03  3.627E-03  3.627E-03
   168  2.5700E+00  2.799E-03  2.799E-03  3.488E-03  3.488E-03
   169  2.4700E+00  2.794E-03  2.794E-03  3.727E-03  3.727E-03
   170  2.3800E+00  2.767E-03  2.767E-03  4.047E-03  4.047E-03
   171  2.3000E+00  2.763E-03  2.763E-03  3.471E-03  3.471E-03
   172  2.2100E+00  2.789E-03  2.789E-03  3.334E-03  3.334E-03
   173  2.1200E+00  2.804E-03  2.804E-03  2.378E-03  2.378E-03
   174  2.0000E+00  2.830E-03  2.830E-03  4.550E-03  4.550E-03
   175  1.9400E+00  2.822E-03  2.822E-03  3.293E-03  3.293E-03
   176  1.8600E+00  2.817E-03  2.817E-03  2.798E-03  2.798E-03
   177  1.7700E+00  2.832E-03  2.832E-03  2.653E-03  2.653E-03
   178  1.6800E+00  2.861E-03  2.861E-03  2.505E-03  2.505E-03
   179  1.5900E+00  2.885E-03  2.885E-03  2.361E-03  2.361E-03
   180  1.5000E+00  2.901E-03  2.901E-03  4.051E-03  4.051E-03
   181  1.4500E+00  2.914E-03  2.914E-03  3.909E-03  3.909E-03
   182  1.4000E+00  2.928E-03  2.928E-03  3.767E-03  3.767E-03
   183  1.3500E+00  2.943E-03  2.943E-03  3.626E-03  3.626E-03
   184  1.3000E+00  2.962E-03  2.962E-03  3.486E-03  3.486E-03
   185  1.2500E+00  2.979E-03  2.979E-03  6.763E-03  6.763E-03
   186  1.2250E+00  2.992E-03  2.992E-03  6.624E-03  6.624E-03
   187  1.2000E+00  3.006E-03  3.006E-03  6.485E-03  6.485E-03
   188  1.1750E+00  3.021E-03  3.021E-03  6.346E-03  6.346E-03
   189  1.1500E+00  3.032E-03  3.032E-03  1.562E-02  1.562E-02
   190  1.1400E+00  3.039E-03  3.039E-03  1.548E-02  1.548E-02
   191  1.1300E+00  3.046E-03  3.046E-03  1.535E-02  1.535E-02
   192  1.1200E+00  3.053E-03  3.053E-03  1.521E-02  1.521E-02
   193  1.1100E+00  3.060E-03  3.060E-03  1.507E-02  1.507E-02
   194  1.1000E+00  3.068E-03  3.068E-03  1.493E-02  1.493E-02
   195  1.0900E+00  3.077E-03  3.077E-03  1.479E-02  1.479E-02
   196  1.0800E+00  3.085E-03  3.085E-03  1.465E-02  1.465E-02
   197  1.0700E+00  3.094E-03  3.094E-03  1.452E-02  1.452E-02
   198  1.0600E+00  3.103E-03  3.103E-03  1.438E-02  1.438E-02
   199  1.0500E+00  3.113E-03  3.113E-03  1.424E-02  1.424E-02
   200  1.0400E+00  3.124E-03  3.124E-03  1.410E-02  1.410E-02
   201  1.0300E+00  3.135E-03  3.135E-03  1.396E-02  1.396E-02
   202  1.0200E+00  3.147E-03  3.147E-03  1.383E-02  1.383E-02
   203  1.0100E+00  3.159E-03  3.159E-03  1.369E-02  1.369E-02
   204  1.0000E+00  3.184E-03  3.184E-03  5.379E-03  5.379E-03
   205  9.7500E-01  3.224E-03  3.224E-03  5.241E-03  5.241E-03
   206  9.5000E-01  3.269E-03  3.269E-03  5.104E-03  5.104E-03
   207  9.2500E-01  3.320E-03  3.320E-03  4.967E-03  4.967E-03
   208  9.0000E-01  3.413E-03  3.413E-03  2.380E-03  2.380E-03
   209  8.5000E-01  3.572E-03  3.572E-03  2.243E-03  2.243E-03
   210  8.0000E-01  3.793E-03  3.793E-03  2.106E-03  2.106E-03
   211  7.5000E-01  4.114E-03  4.114E-03  1.969E-03  1.969E-03
   212  7.0000E-01  4.569E-03  4.569E-03  1.833E-03  1.833E-03
   213  6.5000E-01  5.019E-03  5.019E-03  3.463E-03  3.463E-03
   214  6.2500E-01  5.402E-03  5.402E-03  3.326E-03  3.326E-03
   215  6.0000E-01  6.120E-03  6.120E-03  1.560E-03  1.560E-03
   216  5.5000E-01  7.378E-03  7.378E-03  1.424E-03  1.424E-03
   217  5.0000E-01  9.082E-03  9.082E-03  1.288E-03  1.288E-03
   218  4.5000E-01  1.132E-02  1.132E-02  1.151E-03  1.151E-03
   219  4.0000E-01  1.335E-02  1.335E-02  2.101E-03  2.101E-03
   220  3.7500E-01  1.494E-02  1.494E-02  1.964E-03  1.964E-03
   221  3.5000E-01  1.664E-02  1.664E-02  1.828E-03  1.828E-03
   222  3.2500E-01  1.842E-02  1.842E-02  1.692E-03  1.692E-03
   223  3.0000E-01  2.024E-02  2.024E-02  1.556E-03  1.556E-03
   224  2.7500E-01  2.199E-02  2.199E-02  1.420E-03  1.420E-03
   225  2.5000E-01  2.350E-02  2.350E-02  1.285E-03  1.285E-03
   226  2.2500E-01  2.466E-02  2.466E-02  1.149E-03  1.149E-03
   227  2.0000E-01  2.520E-02  2.520E-02  1.013E-03  1.013E-03
   228  1.7500E-01  2.487E-02  2.487E-02  8.767E-04  8.767E-04
   229  1.5000E-01  2.340E-02  2.340E-02  7.410E-04  7.410E-04
   230  1.2500E-01  2.085E-02  2.085E-02  6.053E-04  6.053E-04
   231  1.0000E-01  1.835E-02  1.835E-02  1.282E-03  1.282E-03
   232  9.0000E-02  1.643E-02  1.643E-02  1.147E-03  1.147E-03
   233  8.0000E-02  1.422E-02  1.422E-02  1.011E-03  1.011E-03
   234  7.0000E-02  1.189E-02  1.189E-02  8.759E-04  8.759E-04
   235  6.0000E-02  9.468E-03  9.468E-03  7.405E-04  7.405E-04
   236  5.0000E-02  7.042E-03  7.042E-03  6.050E-04  6.050E-04
   237  4.0000E-02  4.688E-03  4.688E-03  4.692E-04  4.692E-04
   238  3.0000E-02  3.183E-03  3.183E-03  7.922E-04  7.922E-04
   239  2.5300E-02  1.315E-03  1.315E-03  1.454E-04  1.454E-04
   240  1.0000E-02  3.751E-04  3.751E-04  4.689E-04  4.689E-04
   241  7.5000E-03  1.971E-04  1.971E-04  3.326E-04  3.326E-04
   242  5.0000E-03  1.052E-04  1.052E-04  6.043E-04  6.043E-04
   243  4.0000E-03  6.420E-05  6.420E-05  4.686E-04  4.686E-04
   244  3.0000E-03  4.018E-05  4.018E-05  7.393E-04  7.393E-04
   245  2.5000E-03  2.699E-05  2.699E-05  6.039E-04  6.039E-04
   246  2.0000E-03  1.586E-05  1.586E-05  4.684E-04  4.684E-04
   247  1.5000E-03  8.146E-06  8.146E-06  6.042E-04  6.042E-04
   248  1.2000E-03  4.706E-06  4.706E-06  7.397E-04  7.397E-04
   249  1.0000E-03  2.526E-06  2.526E-06  4.690E-04  4.690E-04
   250  7.5000E-04  1.035E-06  1.035E-06  3.330E-04  3.330E-04
   251  5.0000E-04  8.726E-08  8.726E-08  8.416E-05  8.416E-05
   252  1.0000E-04  2.013E-10  2.013E-10  5.946E-05  5.946E-05


     1  2.0000E+07  0.000E+00  0.000E+00  7.476E-04  7.476E-04
     2  1.7330E+07  1.139E-07  1.139E-07  1.146E-03  1.146E-03
     3  1.5680E+07  7.663E-07  7.663E-07  1.541E-03  1.541E-03
     4  1.4550E+07  1.577E-06  1.577E-06  2.249E-03  2.249E-03
     5  1.3840E+07  3.018E-06  3.018E-06  1.478E-03  1.478E-03
     6  1.2840E+07  1.577E-05  1.577E-05  4.368E-04  4.368E-04
     7  1.0000E+07  6.266E-05  6.266E-05  5.405E-04  5.405E-04
     8  8.1870E+06  2.232E-04  2.232E-04  4.994E-04  4.994E-04
     9  6.4340E+06  6.113E-04  6.113E-04  4.233E-04  4.233E-04
    10  4.8000E+06  9.879E-04  9.879E-04  1.144E-03  1.144E-03
    11  4.3040E+06  1.258E-03  1.258E-03  3.463E-04  3.463E-04
    12  3.0000E+06  2.103E-03  2.103E-03  6.518E-04  6.518E-04
    13  2.4790E+06  2.721E-03  2.721E-03  2.401E-03  2.401E-03
    14  2.3540E+06  3.301E-03  3.301E-03  5.156E-04  5.156E-04
    15  1.8500E+06  3.858E-03  3.858E-03  5.924E-04  5.924E-04
    16  1.5000E+06  4.011E-03  4.011E-03  1.801E-03  1.801E-03
    17  1.4000E+06  3.975E-03  3.975E-03  3.891E-03  3.891E-03
    18  1.3560E+06  3.966E-03  3.966E-03  4.258E-03  4.258E-03
    19  1.3170E+06  3.931E-03  3.931E-03  2.380E-03  2.380E-03
    20  1.2500E+06  3.929E-03  3.929E-03  3.044E-03  3.044E-03
    21  1.2000E+06  4.024E-03  4.024E-03  1.428E-03  1.428E-03
    22  1.1000E+06  4.068E-03  4.068E-03  1.456E-03  1.456E-03
    23  1.0100E+06  4.025E-03  4.025E-03  1.332E-03  1.332E-03
    24  9.2000E+05  3.996E-03  3.996E-03  5.656E-03  5.656E-03
    25  9.0000E+05  4.024E-03  4.024E-03  4.413E-03  4.413E-03
    26  8.7500E+05  4.012E-03  4.012E-03  7.764E-03  7.764E-03
    27  8.6110E+05  4.019E-03  4.019E-03  2.542E-03  2.542E-03
    28  8.2000E+05  4.033E-03  4.033E-03  1.393E-03  1.393E-03
    29  7.5000E+05  4.024E-03  4.024E-03  1.250E-03  1.250E-03
    30  6.7900E+05  3.990E-03  3.990E-03  9.321E-03  9.321E-03
    31  6.7000E+05  3.887E-03  3.887E-03  1.127E-03  1.127E-03
    32  6.0000E+05  3.851E-03  3.851E-03  2.702E-03  2.702E-03
    33  5.7300E+05  3.867E-03  3.867E-03  3.036E-03  3.036E-03
    34  5.5000E+05  3.768E-03  3.768E-03  1.116E-03  1.116E-03
    35  4.9200E+05  3.761E-03  3.761E-03  2.720E-03  2.720E-03
    36  4.7000E+05  3.643E-03  3.643E-03  1.886E-03  1.886E-03
    37  4.4000E+05  3.476E-03  3.476E-03  2.675E-03  2.675E-03
    38  4.2000E+05  3.464E-03  3.464E-03  2.550E-03  2.550E-03
    39  4.0000E+05  3.337E-03  3.337E-03  6.469E-04  6.469E-04
    40  3.3000E+05  3.084E-03  3.084E-03  6.203E-04  6.203E-04
    41  2.7000E+05  3.058E-03  3.058E-03  4.148E-04  4.148E-04
    42  2.0000E+05  3.232E-03  3.232E-03  4.230E-04  4.230E-04
    43  1.4900E+05  3.248E-03  3.248E-03  8.326E-04  8.326E-04
    44  1.2830E+05  3.090E-03  3.090E-03  4.999E-04  4.999E-04
    45  1.0000E+05  3.043E-03  3.043E-03  7.666E-04  7.666E-04
    46  8.5000E+04  3.381E-03  3.381E-03  3.468E-03  3.468E-03
    47  8.2000E+04  3.358E-03  3.358E-03  1.397E-03  1.397E-03
    48  7.5000E+04  3.287E-03  3.287E-03  4.611E-03  4.611E-03
    49  7.3000E+04  3.261E-03  3.261E-03  6.356E-04  6.356E-04
    50  6.0000E+04  3.215E-03  3.215E-03  8.714E-04  8.714E-04
    51  5.2000E+04  3.032E-03  3.032E-03  3.180E-03  3.180E-03
    52  5.0000E+04  2.949E-03  2.949E-03  1.184E-03  1.184E-03
    53  4.5000E+04  3.182E-03  3.182E-03  3.077E-04  3.077E-04
    54  3.0000E+04  3.138E-03  3.138E-03  3.080E-04  3.080E-04
    55  2.0000E+04  3.135E-03  3.135E-03  7.694E-04  7.694E-04
    56  1.7000E+04  3.116E-03  3.116E-03  4.664E-04  4.664E-04
    57  1.3000E+04  3.104E-03  3.104E-03  3.993E-04  3.993E-04
    58  9.5000E+03  3.095E-03  3.095E-03  7.457E-04  7.457E-04
    59  8.0300E+03  3.086E-03  3.086E-03  3.661E-04  3.661E-04
    60  5.7000E+03  3.074E-03  3.074E-03  3.311E-04  3.311E-04
    61  3.9000E+03  3.071E-03  3.071E-03  3.005E-03  3.005E-03
    62  3.7400E+03  3.063E-03  3.063E-03  5.712E-04  5.712E-04
    63  3.0000E+03  3.054E-03  3.054E-03  6.914E-04  6.914E-04
    64  2.5000E+03  3.054E-03  3.054E-03  1.198E-03  1.198E-03
    65  2.2500E+03  3.046E-03  3.046E-03  5.617E-03  5.617E-03
    66  2.2000E+03  3.043E-03  3.043E-03  6.295E-04  6.295E-04
    67  1.8000E+03  3.039E-03  3.039E-03  8.460E-04  8.460E-04
    68  1.5500E+03  3.030E-03  3.030E-03  3.860E-03  3.860E-03
    69  1.5000E+03  3.029E-03  3.029E-03  4.770E-04  4.770E-04
    70  1.1500E+03  3.021E-03  3.021E-03  6.645E-04  6.645E-04
    71  9.5000E+02  3.009E-03  3.009E-03  3.856E-04  3.856E-04
    72  6.8300E+02  2.972E-03  2.972E-03  6.627E-03  6.627E-03
    73  6.7000E+02  2.999E-03  2.999E-03  6.467E-04  6.467E-04
    74  5.5000E+02  2.975E-03  2.975E-03  2.170E-04  2.170E-04
    75  3.0500E+02  2.943E-03  2.943E-03  1.900E-03  1.900E-03
    76  2.8500E+02  2.946E-03  2.946E-03  7.520E-04  7.520E-04
    77  2.4000E+02  2.920E-03  2.920E-03  1.489E-03  1.489E-03
    78  2.2000E+02  2.954E-03  2.954E-03  2.664E-03  2.664E-03
    79  2.0950E+02  2.935E-03  2.935E-03  1.294E-02  1.294E-02
    80  2.0740E+02  2.934E-03  2.934E-03  4.940E-03  4.940E-03
    81  2.0200E+02  2.888E-03  2.888E-03  2.834E-03  2.834E-03
    82  1.9300E+02  2.775E-03  2.775E-03  1.617E-02  1.617E-02
    83  1.9150E+02  2.957E-03  2.957E-03  8.284E-03  8.284E-03
    84  1.8850E+02  2.919E-03  2.919E-03  3.076E-02  3.076E-02
    85  1.8770E+02  2.924E-03  2.924E-03  3.122E-03  3.122E-03
    86  1.8000E+02  2.864E-03  2.864E-03  2.277E-03  2.277E-03
    87  1.7000E+02  2.918E-03  2.918E-03  7.565E-04  7.565E-04
    88  1.4300E+02  2.894E-03  2.894E-03  8.260E-04  8.260E-04
    89  1.2200E+02  2.786E-03  2.786E-03  5.145E-03  5.145E-03
    90  1.1900E+02  2.905E-03  2.905E-03  1.043E-02  1.043E-02
    91  1.1750E+02  2.887E-03  2.887E-03  1.029E-02  1.029E-02
    92  1.1600E+02  2.809E-03  2.809E-03  4.975E-03  4.975E-03
    93  1.1300E+02  2.861E-03  2.861E-03  2.906E-03  2.906E-03
    94  1.0800E+02  2.871E-03  2.871E-03  4.710E-03  4.710E-03
    95  1.0500E+02  2.871E-03  2.871E-03  3.599E-03  3.599E-03
    96  1.0120E+02  2.866E-03  2.866E-03  3.129E-03  3.129E-03
    97  9.7000E+01  2.865E-03  2.865E-03  1.769E-03  1.769E-03
    98  9.0000E+01  2.864E-03  2.864E-03  1.371E-03  1.371E-03
    99  8.1700E+01  2.864E-03  2.864E-03  6.307E-03  6.307E-03
   100  8.0000E+01  2.862E-03  2.862E-03  2.589E-03  2.589E-03
   101  7.6000E+01  2.856E-03  2.856E-03  2.460E-03  2.460E-03
   102  7.2000E+01  2.774E-03  2.774E-03  2.021E-03  2.021E-03
   103  6.7500E+01  2.837E-03  2.837E-03  3.549E-03  3.549E-03
   104  6.5000E+01  2.835E-03  2.835E-03  4.292E-03  4.292E-03
   105  6.3000E+01  2.832E-03  2.832E-03  4.159E-03  4.159E-03
   106  6.1000E+01  2.743E-03  2.743E-03  2.604E-03  2.604E-03
   107  5.8000E+01  2.810E-03  2.810E-03  1.632E-03  1.632E-03
   108  5.3400E+01  2.807E-03  2.807E-03  2.502E-03  2.502E-03
   109  5.0600E+01  2.803E-03  2.803E-03  2.897E-03  2.897E-03
   110  4.8300E+01  2.806E-03  2.806E-03  2.031E-03  2.031E-03
   111  4.5200E+01  2.804E-03  2.804E-03  5.008E-03  5.008E-03
   112  4.4000E+01  2.801E-03  2.801E-03  3.637E-03  3.637E-03
   113  4.2400E+01  2.805E-03  2.805E-03  4.011E-03  4.011E-03
   114  4.1000E+01  2.803E-03  2.803E-03  3.878E-03  3.878E-03
   115  3.9600E+01  2.803E-03  2.803E-03  1.060E-02  1.060E-02
   116  3.9100E+01  2.804E-03  2.804E-03  4.719E-03  4.719E-03
   117  3.8000E+01  2.803E-03  2.803E-03  1.377E-02  1.377E-02
   118  3.7630E+01  2.802E-03  2.802E-03  1.402E-02  1.402E-02
   119  3.7270E+01  2.803E-03  2.803E-03  3.580E-02  3.580E-02
   120  3.7130E+01  2.803E-03  2.803E-03  3.841E-02  3.841E-02
   121  3.7000E+01  2.801E-03  2.801E-03  4.920E-03  4.920E-03
   122  3.6000E+01  2.801E-03  2.801E-03  9.641E-03  9.641E-03
   123  3.5500E+01  2.801E-03  2.801E-03  9.510E-03  9.510E-03
   124  3.5000E+01  2.798E-03  2.798E-03  3.708E-03  3.708E-03
   125  3.3750E+01  2.799E-03  2.799E-03  9.024E-03  9.024E-03
   126  3.3250E+01  2.798E-03  2.798E-03  2.915E-03  2.915E-03
   127  3.1750E+01  2.797E-03  2.797E-03  8.468E-03  8.468E-03
   128  3.1250E+01  2.797E-03  2.797E-03  3.289E-03  3.289E-03
   129  3.0000E+01  2.795E-03  2.795E-03  1.547E-03  1.547E-03
   130  2.7500E+01  2.792E-03  2.792E-03  1.422E-03  1.422E-03
   131  2.5000E+01  2.661E-03  2.661E-03  1.260E-03  1.260E-03
   132  2.2500E+01  2.549E-03  2.549E-03  3.898E-03  3.898E-03
   133  2.1750E+01  2.558E-03  2.558E-03  5.207E-03  5.207E-03
   134  2.1200E+01  2.682E-03  2.682E-03  4.160E-03  4.160E-03
   135  2.0500E+01  2.681E-03  2.681E-03  5.662E-03  5.662E-03
   136  2.0000E+01  2.677E-03  2.677E-03  4.591E-03  4.591E-03
   137  1.9400E+01  2.663E-03  2.663E-03  2.947E-03  2.947E-03
   138  1.8500E+01  2.663E-03  2.663E-03  1.653E-03  1.653E-03
   139  1.7000E+01  2.654E-03  2.654E-03  2.308E-03  2.308E-03
   140  1.6000E+01  2.657E-03  2.657E-03  1.326E-03  1.326E-03
   141  1.4400E+01  2.655E-03  2.655E-03  1.270E-03  1.270E-03
   142  1.2900E+01  2.647E-03  2.647E-03  1.731E-03  1.731E-03
   143  1.1900E+01  2.652E-03  2.652E-03  4.080E-03  4.080E-03
   144  1.1500E+01  2.639E-03  2.639E-03  9.987E-04  9.987E-04
   145  1.0000E+01  2.640E-03  2.640E-03  1.477E-03  1.477E-03
   146  9.1000E+00  2.639E-03  2.639E-03  1.196E-03  1.196E-03
   147  8.1000E+00  2.637E-03  2.637E-03  1.115E-03  1.115E-03
   148  7.1500E+00  2.630E-03  2.630E-03  6.564E-03  6.564E-03
   149  7.0000E+00  2.610E-03  2.610E-03  7.738E-03  7.738E-03
   150  6.8750E+00  2.594E-03  2.594E-03  7.611E-03  7.611E-03
   151  6.7500E+00  2.612E-03  2.612E-03  3.692E-03  3.692E-03
   152  6.5000E+00  2.621E-03  2.621E-03  3.546E-03  3.546E-03
   153  6.2500E+00  2.621E-03  2.621E-03  3.406E-03  3.406E-03
   154  6.0000E+00  2.617E-03  2.617E-03  1.319E-03  1.319E-03
   155  5.4000E+00  2.608E-03  2.608E-03  1.802E-03  1.802E-03
   156  5.0000E+00  2.777E-03  2.777E-03  2.246E-03  2.246E-03
   157  4.7000E+00  2.878E-03  2.878E-03  1.017E-03  1.017E-03
   158  4.1000E+00  2.808E-03  2.808E-03  1.467E-03  1.467E-03
   159  3.7300E+00  2.596E-03  2.596E-03  2.181E-03  2.181E-03
   160  3.5000E+00  2.623E-03  2.623E-03  1.547E-03  1.547E-03
   161  3.2000E+00  2.708E-03  2.708E-03  4.367E-03  4.367E-03
   162  3.1000E+00  2.859E-03  2.859E-03  4.228E-03  4.228E-03
   163  3.0000E+00  2.972E-03  2.972E-03  1.379E-02  1.379E-02
   164  2.9700E+00  2.797E-03  2.797E-03  4.046E-03  4.046E-03
   165  2.8700E+00  2.747E-03  2.747E-03  3.906E-03  3.906E-03
   166  2.7700E+00  2.755E-03  2.755E-03  3.768E-03  3.768E-03
   167  2.6700E+00  2.761E-03  2.761E-03  3.630E-03  3.630E-03
   168  2.5700E+00  2.765E-03  2.765E-03  3.490E-03  3.490E-03
   169  2.4700E+00  2.762E-03  2.762E-03  3.730E-03  3.730E-03
   170  2.3800E+00  2.737E-03  2.737E-03  4.051E-03  4.051E-03
   171  2.3000E+00  2.734E-03  2.734E-03  3.475E-03  3.475E-03
   172  2.2100E+00  2.759E-03  2.759E-03  3.336E-03  3.336E-03
   173  2.1200E+00  2.774E-03  2.774E-03  2.379E-03  2.379E-03
   174  2.0000E+00  2.800E-03  2.800E-03  4.553E-03  4.553E-03
   175  1.9400E+00  2.793E-03  2.793E-03  3.296E-03  3.296E-03
   176  1.8600E+00  2.790E-03  2.790E-03  2.800E-03  2.800E-03
   177  1.7700E+00  2.803E-03  2.803E-03  2.654E-03  2.654E-03
   178  1.6800E+00  2.827E-03  2.827E-03  2.502E-03  2.502E-03
   179  1.5900E+00  2.854E-03  2.854E-03  2.362E-03  2.362E-03
   180  1.5000E+00  2.871E-03  2.871E-03  4.055E-03  4.055E-03
   181  1.4500E+00  2.883E-03  2.883E-03  3.913E-03  3.913E-03
   182  1.4000E+00  2.895E-03  2.895E-03  3.769E-03  3.769E-03
   183  1.3500E+00  2.909E-03  2.909E-03  3.628E-03  3.628E-03
   184  1.3000E+00  2.929E-03  2.929E-03  3.490E-03  3.490E-03
   185  1.2500E+00  2.947E-03  2.947E-03  6.773E-03  6.773E-03
   186  1.2250E+00  2.960E-03  2.960E-03  6.634E-03  6.634E-03
   187  1.2000E+00  2.974E-03  2.974E-03  6.495E-03  6.495E-03
   188  1.1750E+00  2.989E-03  2.989E-03  6.356E-03  6.356E-03
   189  1.1500E+00  3.000E-03  3.000E-03  1.565E-02  1.565E-02
   190  1.1400E+00  3.007E-03  3.007E-03  1.551E-02  1.551E-02
   191  1.1300E+00  3.014E-03  3.014E-03  1.537E-02  1.537E-02
   192  1.1200E+00  3.021E-03  3.021E-03  1.523E-02  1.523E-02
   193  1.1100E+00  3.029E-03  3.029E-03  1.509E-02  1.509E-02
   194  1.1000E+00  3.037E-03  3.037E-03  1.495E-02  1.495E-02
   195  1.0900E+00  3.045E-03  3.045E-03  1.482E-02  1.482E-02
   196  1.0800E+00  3.054E-03  3.054E-03  1.468E-02  1.468E-02
   197  1.0700E+00  3.062E-03  3.062E-03  1.454E-02  1.454E-02
   198  1.0600E+00  3.072E-03  3.072E-03  1.440E-02  1.440E-02
   199  1.0500E+00  3.082E-03  3.082E-03  1.426E-02  1.426E-02
   200  1.0400E+00  3.092E-03  3.092E-03  1.413E-02  1.413E-02
   201  1.0300E+00  3.104E-03  3.104E-03  1.399E-02  1.399E-02
   202  1.0200E+00  3.115E-03  3.115E-03  1.385E-02  1.385E-02
   203  1.0100E+00  3.128E-03  3.128E-03  1.371E-02  1.371E-02
   204  1.0000E+00  3.153E-03  3.153E-03  5.388E-03  5.388E-03
   205  9.7500E-01  3.193E-03  3.193E-03  5.250E-03  5.250E-03
   206  9.5000E-01  3.238E-03  3.238E-03  5.112E-03  5.112E-03
   207  9.2500E-01  3.290E-03  3.290E-03  4.975E-03  4.975E-03
   208  9.0000E-01  3.384E-03  3.384E-03  2.384E-03  2.384E-03
   209  8.5000E-01  3.545E-03  3.545E-03  2.247E-03  2.247E-03
   210  8.0000E-01  3.769E-03  3.769E-03  2.110E-03  2.110E-03
   211  7.5000E-01  4.095E-03  4.095E-03  1.973E-03  1.973E-03
   212  7.0000E-01  4.557E-03  4.557E-03  1.836E-03  1.836E-03
   213  6.5000E-01  5.015E-03  5.015E-03  3.468E-03  3.468E-03
   214  6.2500E-01  5.407E-03  5.407E-03  3.332E-03  3.332E-03
   215  6.0000E-01  6.139E-03  6.139E-03  1.563E-03  1.563E-03
   216  5.5000E-01  7.424E-03  7.424E-03  1.426E-03  1.426E-03
   217  5.0000E-01  9.166E-03  9.166E-03  1.290E-03  1.290E-03
   218  4.5000E-01  1.146E-02  1.146E-02  1.153E-03  1.153E-03
   219  4.0000E-01  1.353E-02  1.353E-02  2.104E-03  2.104E-03
   220  3.7500E-01  1.517E-02  1.517E-02  1.968E-03  1.968E-03
   221  3.5000E-01  1.691E-02  1.691E-02  1.831E-03  1.831E-03
   222  3.2500E-01  1.874E-02  1.874E-02  1.695E-03  1.695E-03
   223  3.0000E-01  2.061E-02  2.061E-02  1.559E-03  1.559E-03
   224  2.7500E-01  2.241E-02  2.241E-02  1.423E-03  1.423E-03
   225  2.5000E-01  2.397E-02  2.397E-02  1.287E-03  1.287E-03
   226  2.2500E-01  2.516E-02  2.516E-02  1.150E-03  1.150E-03
   227  2.0000E-01  2.573E-02  2.573E-02  1.014E-03  1.014E-03
   228  1.7500E-01  2.541E-02  2.541E-02  8.780E-04  8.780E-04
   229  1.5000E-01  2.393E-02  2.393E-02  7.420E-04  7.420E-04
   230  1.2500E-01  2.133E-02  2.133E-02  6.060E-04  6.060E-04
   231  1.0000E-01  1.877E-02  1.877E-02  1.283E-03  1.283E-03
   232  9.0000E-02  1.681E-02  1.681E-02  1.148E-03  1.148E-03
   233  8.0000E-02  1.455E-02  1.455E-02  1.012E-03  1.012E-03
   234  7.0000E-02  1.217E-02  1.217E-02  8.770E-04  8.770E-04
   235  6.0000E-02  9.698E-03  9.698E-03  7.414E-04  7.414E-04
   236  5.0000E-02  7.216E-03  7.216E-03  6.058E-04  6.058E-04
   237  4.0000E-02  4.806E-03  4.806E-03  4.698E-04  4.698E-04
   238  3.0000E-02  3.264E-03  3.264E-03  7.932E-04  7.932E-04
   239  2.5300E-02  1.349E-03  1.349E-03  1.456E-04  1.456E-04
   240  1.0000E-02  3.850E-04  3.850E-04  4.696E-04  4.696E-04
   241  7.5000E-03  2.023E-04  2.023E-04  3.331E-04  3.331E-04
   242  5.0000E-03  1.079E-04  1.079E-04  6.051E-04  6.051E-04
   243  4.0000E-03  6.588E-05  6.588E-05  4.693E-04  4.693E-04
   244  3.0000E-03  4.123E-05  4.123E-05  7.403E-04  7.403E-04
   245  2.5000E-03  2.769E-05  2.769E-05  6.047E-04  6.047E-04
   246  2.0000E-03  1.627E-05  1.627E-05  4.691E-04  4.691E-04
   247  1.5000E-03  8.364E-06  8.364E-06  6.050E-04  6.050E-04
   248  1.2000E-03  4.834E-06  4.834E-06  7.407E-04  7.407E-04
   249  1.0000E-03  2.596E-06  2.596E-06  4.696E-04  4.696E-04
   250  7.5000E-04  1.064E-06  1.064E-06  3.335E-04  3.335E-04
   251  5.0000E-04  9.000E-08  9.000E-08  8.428E-05  8.428E-05
   252  1.0000E-04  2.115E-10  2.115E-10  5.956E-05  5.956E-05


     1  2.0000E+07  0.000E+00  0.000E+00  7.474E-04  7.474E-04
     2  1.7330E+07  1.118E-07  1.118E-07  1.146E-03  1.146E-03
     3  1.5680E+07  7.525E-07  7.525E-07  1.540E-03  1.540E-03
     4  1.4550E+07  1.548E-06  1.548E-06  2.248E-03  2.248E-03
     5  1.3840E+07  2.966E-06  2.966E-06  1.478E-03  1.478E-03
     6  1.2840E+07  1.550E-05  1.550E-05  4.365E-04  4.365E-04
     7  1.0000E+07  6.159E-05  6.159E-05  5.401E-04  5.401E-04
     8  8.1870E+06  2.193E-04  2.193E-04  4.990E-04  4.990E-04
     9  6.4340E+06  6.009E-04  6.009E-04  4.229E-04  4.229E-04
    10  4.8000E+06  9.710E-04  9.710E-04  1.143E-03  1.143E-03
    11  4.3040E+06  1.237E-03  1.237E-03  3.459E-04  3.459E-04
    12  3.0000E+06  2.067E-03  2.067E-03  6.511E-04  6.511E-04
    13  2.4790E+06  2.674E-03  2.674E-03  2.398E-03  2.398E-03
    14  2.3540E+06  3.245E-03  3.245E-03  5.150E-04  5.150E-04
    15  1.8500E+06  3.792E-03  3.792E-03  5.917E-04  5.917E-04
    16  1.5000E+06  3.943E-03  3.943E-03  1.799E-03  1.799E-03
    17  1.4000E+06  3.908E-03  3.908E-03  3.887E-03  3.887E-03
    18  1.3560E+06  3.899E-03  3.899E-03  4.253E-03  4.253E-03
    19  1.3170E+06  3.864E-03  3.864E-03  2.377E-03  2.377E-03
    20  1.2500E+06  3.863E-03  3.863E-03  3.040E-03  3.040E-03
    21  1.2000E+06  3.956E-03  3.956E-03  1.427E-03  1.427E-03
    22  1.1000E+06  3.999E-03  3.999E-03  1.454E-03  1.454E-03
    23  1.0100E+06  3.957E-03  3.957E-03  1.330E-03  1.330E-03
    24  9.2000E+05  3.928E-03  3.928E-03  5.649E-03  5.649E-03
    25  9.0000E+05  3.956E-03  3.956E-03  4.408E-03  4.408E-03
    26  8.7500E+05  3.944E-03  3.944E-03  7.754E-03  7.754E-03
    27  8.6110E+05  3.951E-03  3.951E-03  2.539E-03  2.539E-03
    28  8.2000E+05  3.964E-03  3.964E-03  1.392E-03  1.392E-03
    29  7.5000E+05  3.956E-03  3.956E-03  1.249E-03  1.249E-03
    30  6.7900E+05  3.922E-03  3.922E-03  9.309E-03  9.309E-03
    31  6.7000E+05  3.821E-03  3.821E-03  1.126E-03  1.126E-03
    32  6.0000E+05  3.786E-03  3.786E-03  2.698E-03  2.698E-03
    33  5.7300E+05  3.801E-03  3.801E-03  3.033E-03  3.033E-03
    34  5.5000E+05  3.704E-03  3.704E-03  1.115E-03  1.115E-03
    35  4.9200E+05  3.698E-03  3.698E-03  2.716E-03  2.716E-03
    36  4.7000E+05  3.582E-03  3.582E-03  1.884E-03  1.884E-03
    37  4.4000E+05  3.417E-03  3.417E-03  2.672E-03  2.672E-03
    38  4.2000E+05  3.405E-03  3.405E-03  2.547E-03  2.547E-03
    39  4.0000E+05  3.280E-03  3.280E-03  6.461E-04  6.461E-04
    40  3.3000E+05  3.032E-03  3.032E-03  6.195E-04  6.195E-04
    41  2.7000E+05  3.006E-03  3.006E-03  4.143E-04  4.143E-04
    42  2.0000E+05  3.177E-03  3.177E-03  4.224E-04  4.224E-04
    43  1.4900E+05  3.193E-03  3.193E-03  8.316E-04  8.316E-04
    44  1.2830E+05  3.038E-03  3.038E-03  4.992E-04  4.992E-04
    45  1.0000E+05  2.992E-03  2.992E-03  7.657E-04  7.657E-04
    46  8.5000E+04  3.324E-03  3.324E-03  3.463E-03  3.463E-03
    47  8.2000E+04  3.302E-03  3.302E-03  1.395E-03  1.395E-03
    48  7.5000E+04  3.231E-03  3.231E-03  4.605E-03  4.605E-03
    49  7.3000E+04  3.206E-03  3.206E-03  6.348E-04  6.348E-04
    50  6.0000E+04  3.161E-03  3.161E-03  8.703E-04  8.703E-04
    51  5.2000E+04  2.981E-03  2.981E-03  3.176E-03  3.176E-03
    52  5.0000E+04  2.899E-03  2.899E-03  1.182E-03  1.182E-03
    53  4.5000E+04  3.128E-03  3.128E-03  3.073E-04  3.073E-04
    54  3.0000E+04  3.085E-03  3.085E-03  3.076E-04  3.076E-04
    55  2.0000E+04  3.082E-03  3.082E-03  7.684E-04  7.684E-04
    56  1.7000E+04  3.064E-03  3.064E-03  4.658E-04  4.658E-04
    57  1.3000E+04  3.051E-03  3.051E-03  3.988E-04  3.988E-04
    58  9.5000E+03  3.043E-03  3.043E-03  7.448E-04  7.448E-04
    59  8.0300E+03  3.034E-03  3.034E-03  3.656E-04  3.656E-04
    60  5.7000E+03  3.022E-03  3.022E-03  3.307E-04  3.307E-04
    61  3.9000E+03  3.019E-03  3.019E-03  3.001E-03  3.001E-03
    62  3.7400E+03  3.011E-03  3.011E-03  5.704E-04  5.704E-04
    63  3.0000E+03  3.003E-03  3.003E-03  6.906E-04  6.906E-04
    64  2.5000E+03  3.003E-03  3.003E-03  1.196E-03  1.196E-03
    65  2.2500E+03  2.995E-03  2.995E-03  5.610E-03  5.610E-03
    66  2.2000E+03  2.992E-03  2.992E-03  6.287E-04  6.287E-04
    67  1.8000E+03  2.989E-03  2.989E-03  8.449E-04  8.449E-04
    68  1.5500E+03  2.980E-03  2.980E-03  3.855E-03  3.855E-03
    69  1.5000E+03  2.979E-03  2.979E-03  4.764E-04  4.764E-04
    70  1.1500E+03  2.971E-03  2.971E-03  6.637E-04  6.637E-04
    71  9.5000E+02  2.959E-03  2.959E-03  3.851E-04  3.851E-04
    72  6.8300E+02  2.922E-03  2.922E-03  6.619E-03  6.619E-03
    73  6.7000E+02  2.950E-03  2.950E-03  6.459E-04  6.459E-04
    74  5.5000E+02  2.926E-03  2.926E-03  2.168E-04  2.168E-04
    75  3.0500E+02  2.894E-03  2.894E-03  1.898E-03  1.898E-03
    76  2.8500E+02  2.897E-03  2.897E-03  7.510E-04  7.510E-04
    77  2.4000E+02  2.872E-03  2.872E-03  1.487E-03  1.487E-03
    78  2.2000E+02  2.905E-03  2.905E-03  2.660E-03  2.660E-03
    79  2.0950E+02  2.886E-03  2.886E-03  1.292E-02  1.292E-02
    80  2.0740E+02  2.885E-03  2.885E-03  4.934E-03  4.934E-03
    81  2.0200E+02  2.840E-03  2.840E-03  2.830E-03  2.830E-03
    82  1.9300E+02  2.729E-03  2.729E-03  1.615E-02  1.615E-02
    83  1.9150E+02  2.908E-03  2.908E-03  8.274E-03  8.274E-03
    84  1.8850E+02  2.870E-03  2.870E-03  3.072E-02  3.072E-02
    85  1.8770E+02  2.876E-03  2.876E-03  3.118E-03  3.118E-03
    86  1.8000E+02  2.817E-03  2.817E-03  2.274E-03  2.274E-03
    87  1.7000E+02  2.870E-03  2.870E-03  7.556E-04  7.556E-04
    88  1.4300E+02  2.847E-03  2.847E-03  8.250E-04  8.250E-04
    89  1.2200E+02  2.741E-03  2.741E-03  5.139E-03  5.139E-03
    90  1.1900E+02  2.858E-03  2.858E-03  1.042E-02  1.042E-02
    91  1.1750E+02  2.839E-03  2.839E-03  1.028E-02  1.028E-02
    92  1.1600E+02  2.763E-03  2.763E-03  4.970E-03  4.970E-03
    93  1.1300E+02  2.813E-03  2.813E-03  2.902E-03  2.902E-03
    94  1.0800E+02  2.825E-03  2.825E-03  4.705E-03  4.705E-03
    95  1.0500E+02  2.824E-03  2.824E-03  3.594E-03  3.594E-03
    96  1.0120E+02  2.819E-03  2.819E-03  3.125E-03  3.125E-03
    97  9.7000E+01  2.818E-03  2.818E-03  1.767E-03  1.767E-03
    98  9.0000E+01  2.817E-03  2.817E-03  1.369E-03  1.369E-03
    99  8.1700E+01  2.817E-03  2.817E-03  6.300E-03  6.300E-03
   100  8.0000E+01  2.815E-03  2.815E-03  2.586E-03  2.586E-03
   101  7.6000E+01  2.809E-03  2.809E-03  2.458E-03  2.458E-03
   102  7.2000E+01  2.728E-03  2.728E-03  2.019E-03  2.019E-03
   103  6.7500E+01  2.790E-03  2.790E-03  3.545E-03  3.545E-03
   104  6.5000E+01  2.789E-03  2.789E-03  4.287E-03  4.287E-03
   105  6.3000E+01  2.786E-03  2.786E-03  4.155E-03  4.155E-03
   106  6.1000E+01  2.699E-03  2.699E-03  2.602E-03  2.602E-03
   107  5.8000E+01  2.764E-03  2.764E-03  1.630E-03  1.630E-03
   108  5.3400E+01  2.762E-03  2.762E-03  2.499E-03  2.499E-03
   109  5.0600E+01  2.757E-03  2.757E-03  2.894E-03  2.894E-03
   110  4.8300E+01  2.760E-03  2.760E-03  2.029E-03  2.029E-03
   111  4.5200E+01  2.759E-03  2.759E-03  5.003E-03  5.003E-03
   112  4.4000E+01  2.755E-03  2.755E-03  3.633E-03  3.633E-03
   113  4.2400E+01  2.760E-03  2.760E-03  4.007E-03  4.007E-03
   114  4.1000E+01  2.758E-03  2.758E-03  3.874E-03  3.874E-03
   115  3.9600E+01  2.757E-03  2.757E-03  1.059E-02  1.059E-02
   116  3.9100E+01  2.758E-03  2.758E-03  4.714E-03  4.714E-03
   117  3.8000E+01  2.757E-03  2.757E-03  1.376E-02  1.376E-02
   118  3.7630E+01  2.757E-03  2.757E-03  1.401E-02  1.401E-02
   119  3.7270E+01  2.757E-03  2.757E-03  3.577E-02  3.577E-02
   120  3.7130E+01  2.757E-03  2.757E-03  3.838E-02  3.838E-02
   121  3.7000E+01  2.755E-03  2.755E-03  4.916E-03  4.916E-03
   122  3.6000E+01  2.756E-03  2.756E-03  9.632E-03  9.632E-03
   123  3.5500E+01  2.756E-03  2.756E-03  9.501E-03  9.501E-03
   124  3.5000E+01  2.753E-03  2.753E-03  3.705E-03  3.705E-03
   125  3.3750E+01  2.754E-03  2.754E-03  9.016E-03  9.016E-03
   126  3.3250E+01  2.753E-03  2.753E-03  2.912E-03  2.912E-03
   127  3.1750E+01  2.752E-03  2.752E-03  8.459E-03  8.459E-03
   128  3.1250E+01  2.752E-03  2.752E-03  3.285E-03  3.285E-03
   129  3.0000E+01  2.750E-03  2.750E-03  1.545E-03  1.545E-03
   130  2.7500E+01  2.747E-03  2.747E-03  1.421E-03  1.421E-03
   131  2.5000E+01  2.619E-03  2.619E-03  1.259E-03  1.259E-03
   132  2.2500E+01  2.509E-03  2.509E-03  3.895E-03  3.895E-03
   133  2.1750E+01  2.517E-03  2.517E-03  5.202E-03  5.202E-03
   134  2.1200E+01  2.638E-03  2.638E-03  4.155E-03  4.155E-03
   135  2.0500E+01  2.638E-03  2.638E-03  5.657E-03  5.657E-03
   136  2.0000E+01  2.635E-03  2.635E-03  4.587E-03  4.587E-03
   137  1.9400E+01  2.621E-03  2.621E-03  2.945E-03  2.945E-03
   138  1.8500E+01  2.621E-03  2.621E-03  1.652E-03  1.652E-03
   139  1.7000E+01  2.613E-03  2.613E-03  2.306E-03  2.306E-03
   140  1.6000E+01  2.615E-03  2.615E-03  1.325E-03  1.325E-03
   141  1.4400E+01  2.614E-03  2.614E-03  1.269E-03  1.269E-03
   142  1.2900E+01  2.607E-03  2.607E-03  1.730E-03  1.730E-03
   143  1.1900E+01  2.611E-03  2.611E-03  4.076E-03  4.076E-03
   144  1.1500E+01  2.600E-03  2.600E-03  9.979E-04  9.979E-04
   145  1.0000E+01  2.599E-03  2.599E-03  1.475E-03  1.475E-03
   146  9.1000E+00  2.598E-03  2.598E-03  1.195E-03  1.195E-03
   147  8.1000E+00  2.596E-03  2.596E-03  1.114E-03  1.114E-03
   148  7.1500E+00  2.589E-03  2.589E-03  6.558E-03  6.558E-03
   149  7.0000E+00  2.572E-03  2.572E-03  7.732E-03  7.732E-03
   150  6.8750E+00  2.557E-03  2.557E-03  7.607E-03  7.607E-03
   151  6.7500E+00  2.573E-03  2.573E-03  3.689E-03  3.689E-03
   152  6.5000E+00  2.582E-03  2.582E-03  3.544E-03  3.544E-03
   153  6.2500E+00  2.581E-03  2.581E-03  3.405E-03  3.405E-03
   154  6.0000E+00  2.577E-03  2.577E-03  1.318E-03  1.318E-03
   155  5.4000E+00  2.559E-03  2.559E-03  1.798E-03  1.798E-03
   156  5.0000E+00  2.732E-03  2.732E-03  2.248E-03  2.248E-03
   157  4.7000E+00  2.830E-03  2.830E-03  1.018E-03  1.018E-03
   158  4.1000E+00  2.762E-03  2.762E-03  1.469E-03  1.469E-03
   159  3.7300E+00  2.554E-03  2.554E-03  2.184E-03  2.184E-03
   160  3.5000E+00  2.579E-03  2.579E-03  1.549E-03  1.549E-03
   161  3.2000E+00  2.664E-03  2.664E-03  4.373E-03  4.373E-03
   162  3.1000E+00  2.812E-03  2.812E-03  4.233E-03  4.233E-03
   163  3.0000E+00  2.923E-03  2.923E-03  1.381E-02  1.381E-02
   164  2.9700E+00  2.751E-03  2.751E-03  4.051E-03  4.051E-03
   165  2.8700E+00  2.702E-03  2.702E-03  3.910E-03  3.910E-03
   166  2.7700E+00  2.709E-03  2.709E-03  3.773E-03  3.773E-03
   167  2.6700E+00  2.716E-03  2.716E-03  3.635E-03  3.635E-03
   168  2.5700E+00  2.721E-03  2.721E-03  3.495E-03  3.495E-03
   169  2.4700E+00  2.718E-03  2.718E-03  3.736E-03  3.736E-03
   170  2.3800E+00  2.696E-03  2.696E-03  4.058E-03  4.058E-03
   171  2.3000E+00  2.694E-03  2.694E-03  3.481E-03  3.481E-03
   172  2.2100E+00  2.717E-03  2.717E-03  3.341E-03  3.341E-03
   173  2.1200E+00  2.732E-03  2.732E-03  2.382E-03  2.382E-03
   174  2.0000E+00  2.759E-03  2.759E-03  4.559E-03  4.559E-03
   175  1.9400E+00  2.753E-03  2.753E-03  3.300E-03  3.300E-03
   176  1.8600E+00  2.751E-03  2.751E-03  2.804E-03  2.804E-03
   177  1.7700E+00  2.764E-03  2.764E-03  2.657E-03  2.657E-03
   178  1.6800E+00  2.786E-03  2.786E-03  2.503E-03  2.503E-03
   179  1.5900E+00  2.814E-03  2.814E-03  2.365E-03  2.365E-03
   180  1.5000E+00  2.831E-03  2.831E-03  4.060E-03  4.060E-03
   181  1.4500E+00  2.843E-03  2.843E-03  3.917E-03  3.917E-03
   182  1.4000E+00  2.854E-03  2.854E-03  3.773E-03  3.773E-03
   183  1.3500E+00  2.868E-03  2.868E-03  3.631E-03  3.631E-03
   184  1.3000E+00  2.889E-03  2.889E-03  3.494E-03  3.494E-03
   185  1.2500E+00  2.907E-03  2.907E-03  6.782E-03  6.782E-03
   186  1.2250E+00  2.920E-03  2.920E-03  6.643E-03  6.643E-03
   187  1.2000E+00  2.934E-03  2.934E-03  6.504E-03  6.504E-03
   188  1.1750E+00  2.949E-03  2.949E-03  6.365E-03  6.365E-03
   189  1.1500E+00  2.960E-03  2.960E-03  1.567E-02  1.567E-02
   190  1.1400E+00  2.967E-03  2.967E-03  1.553E-02  1.553E-02
   191  1.1300E+00  2.974E-03  2.974E-03  1.539E-02  1.539E-02
   192  1.1200E+00  2.981E-03  2.981E-03  1.525E-02  1.525E-02
   193  1.1100E+00  2.989E-03  2.989E-03  1.512E-02  1.512E-02
   194  1.1000E+00  2.997E-03  2.997E-03  1.498E-02  1.498E-02
   195  1.0900E+00  3.005E-03  3.005E-03  1.484E-02  1.484E-02
   196  1.0800E+00  3.013E-03  3.013E-03  1.470E-02  1.470E-02
   197  1.0700E+00  3.022E-03  3.022E-03  1.456E-02  1.456E-02
   198  1.0600E+00  3.032E-03  3.032E-03  1.442E-02  1.442E-02
   199  1.0500E+00  3.042E-03  3.042E-03  1.428E-02  1.428E-02
   200  1.0400E+00  3.052E-03  3.052E-03  1.415E-02  1.415E-02
   201  1.0300E+00  3.064E-03  3.064E-03  1.401E-02  1.401E-02
   202  1.0200E+00  3.075E-03  3.075E-03  1.387E-02  1.387E-02
   203  1.0100E+00  3.088E-03  3.088E-03  1.373E-02  1.373E-02
   204  1.0000E+00  3.113E-03  3.113E-03  5.396E-03  5.396E-03
   205  9.7500E-01  3.153E-03  3.153E-03  5.258E-03  5.258E-03
   206  9.5000E-01  3.199E-03  3.199E-03  5.120E-03  5.120E-03
   207  9.2500E-01  3.251E-03  3.251E-03  4.982E-03  4.982E-03
   208  9.0000E-01  3.346E-03  3.346E-03  2.388E-03  2.388E-03
   209  8.5000E-01  3.509E-03  3.509E-03  2.250E-03  2.250E-03
   210  8.0000E-01  3.738E-03  3.738E-03  2.113E-03  2.113E-03
   211  7.5000E-01  4.070E-03  4.070E-03  1.976E-03  1.976E-03
   212  7.0000E-01  4.543E-03  4.543E-03  1.839E-03  1.839E-03
   213  6.5000E-01  5.012E-03  5.012E-03  3.474E-03  3.474E-03
   214  6.2500E-01  5.414E-03  5.414E-03  3.337E-03  3.337E-03
   215  6.0000E-01  6.165E-03  6.165E-03  1.565E-03  1.565E-03
   216  5.5000E-01  7.486E-03  7.486E-03  1.428E-03  1.428E-03
   217  5.0000E-01  9.279E-03  9.279E-03  1.292E-03  1.292E-03
   218  4.5000E-01  1.164E-02  1.164E-02  1.155E-03  1.155E-03
   219  4.0000E-01  1.378E-02  1.378E-02  2.107E-03  2.107E-03
   220  3.7500E-01  1.547E-02  1.547E-02  1.971E-03  1.971E-03
   221  3.5000E-01  1.727E-02  1.727E-02  1.834E-03  1.834E-03
   222  3.2500E-01  1.916E-02  1.916E-02  1.698E-03  1.698E-03
   223  3.0000E-01  2.110E-02  2.110E-02  1.561E-03  1.561E-03
   224  2.7500E-01  2.296E-02  2.296E-02  1.425E-03  1.425E-03
   225  2.5000E-01  2.459E-02  2.459E-02  1.288E-03  1.288E-03
   226  2.2500E-01  2.583E-02  2.583E-02  1.152E-03  1.152E-03
   227  2.0000E-01  2.644E-02  2.644E-02  1.016E-03  1.016E-03
   228  1.7500E-01  2.613E-02  2.613E-02  8.793E-04  8.793E-04
   229  1.5000E-01  2.462E-02  2.462E-02  7.431E-04  7.431E-04
   230  1.2500E-01  2.196E-02  2.196E-02  6.069E-04  6.069E-04
   231  1.0000E-01  1.934E-02  1.934E-02  1.285E-03  1.285E-03
   232  9.0000E-02  1.733E-02  1.733E-02  1.149E-03  1.149E-03
   233  8.0000E-02  1.500E-02  1.500E-02  1.014E-03  1.014E-03
   234  7.0000E-02  1.255E-02  1.255E-02  8.782E-04  8.782E-04
   235  6.0000E-02  1.001E-02  1.001E-02  7.425E-04  7.425E-04
   236  5.0000E-02  7.448E-03  7.448E-03  6.066E-04  6.066E-04
   237  4.0000E-02  4.962E-03  4.962E-03  4.705E-04  4.705E-04
   238  3.0000E-02  3.372E-03  3.372E-03  7.943E-04  7.943E-04
   239  2.5300E-02  1.394E-03  1.394E-03  1.458E-04  1.458E-04
   240  1.0000E-02  3.981E-04  3.981E-04  4.702E-04  4.702E-04
   241  7.5000E-03  2.092E-04  2.092E-04  3.335E-04  3.335E-04
   242  5.0000E-03  1.116E-04  1.116E-04  6.059E-04  6.059E-04
   243  4.0000E-03  6.812E-05  6.812E-05  4.699E-04  4.699E-04
   244  3.0000E-03  4.262E-05  4.262E-05  7.412E-04  7.412E-04
   245  2.5000E-03  2.862E-05  2.862E-05  6.055E-04  6.055E-04
   246  2.0000E-03  1.682E-05  1.682E-05  4.697E-04  4.697E-04
   247  1.5000E-03  8.655E-06  8.655E-06  6.058E-04  6.058E-04
   248  1.2000E-03  5.005E-06  5.005E-06  7.416E-04  7.416E-04
   249  1.0000E-03  2.690E-06  2.690E-06  4.702E-04  4.702E-04
   250  7.5000E-04  1.103E-06  1.103E-06  3.339E-04  3.339E-04
   251  5.0000E-04  9.365E-08  9.365E-08  8.438E-05  8.438E-05
   252  1.0000E-04  2.251E-10  2.251E-10  5.962E-05  5.962E-05


     1  2.0000E+07  0.000E+00  0.000E+00  7.472E-04  7.472E-04
     2  1.7330E+07  1.101E-07  1.101E-07  1.146E-03  1.146E-03
     3  1.5680E+07  7.407E-07  7.407E-07  1.540E-03  1.540E-03
     4  1.4550E+07  1.524E-06  1.524E-06  2.247E-03  2.247E-03
     5  1.3840E+07  2.923E-06  2.923E-06  1.477E-03  1.477E-03
     6  1.2840E+07  1.528E-05  1.528E-05  4.364E-04  4.364E-04
     7  1.0000E+07  6.074E-05  6.074E-05  5.399E-04  5.399E-04
     8  8.1870E+06  2.163E-04  2.163E-04  4.988E-04  4.988E-04
     9  6.4340E+06  5.926E-04  5.926E-04  4.227E-04  4.227E-04
    10  4.8000E+06  9.577E-04  9.577E-04  1.142E-03  1.142E-03
    11  4.3040E+06  1.220E-03  1.220E-03  3.456E-04  3.456E-04
    12  3.0000E+06  2.039E-03  2.039E-03  6.506E-04  6.506E-04
    13  2.4790E+06  2.638E-03  2.638E-03  2.396E-03  2.396E-03
    14  2.3540E+06  3.201E-03  3.201E-03  5.146E-04  5.146E-04
    15  1.8500E+06  3.741E-03  3.741E-03  5.912E-04  5.912E-04
    16  1.5000E+06  3.889E-03  3.889E-03  1.797E-03  1.797E-03
    17  1.4000E+06  3.855E-03  3.855E-03  3.883E-03  3.883E-03
    18  1.3560E+06  3.846E-03  3.846E-03  4.249E-03  4.249E-03
    19  1.3170E+06  3.812E-03  3.812E-03  2.375E-03  2.375E-03
    20  1.2500E+06  3.810E-03  3.810E-03  3.038E-03  3.038E-03
    21  1.2000E+06  3.902E-03  3.902E-03  1.425E-03  1.425E-03
    22  1.1000E+06  3.945E-03  3.945E-03  1.453E-03  1.453E-03
    23  1.0100E+06  3.903E-03  3.903E-03  1.329E-03  1.329E-03
    24  9.2000E+05  3.875E-03  3.875E-03  5.644E-03  5.644E-03
    25  9.0000E+05  3.902E-03  3.902E-03  4.404E-03  4.404E-03
    26  8.7500E+05  3.891E-03  3.891E-03  7.747E-03  7.747E-03
    27  8.6110E+05  3.897E-03  3.897E-03  2.537E-03  2.537E-03
    28  8.2000E+05  3.911E-03  3.911E-03  1.390E-03  1.390E-03
    29  7.5000E+05  3.903E-03  3.903E-03  1.248E-03  1.248E-03
    30  6.7900E+05  3.869E-03  3.869E-03  9.301E-03  9.301E-03
    31  6.7000E+05  3.769E-03  3.769E-03  1.125E-03  1.125E-03
    32  6.0000E+05  3.735E-03  3.735E-03  2.696E-03  2.696E-03
    33  5.7300E+05  3.750E-03  3.750E-03  3.030E-03  3.030E-03
    34  5.5000E+05  3.654E-03  3.654E-03  1.114E-03  1.114E-03
    35  4.9200E+05  3.647E-03  3.647E-03  2.714E-03  2.714E-03
    36  4.7000E+05  3.533E-03  3.533E-03  1.882E-03  1.882E-03
    37  4.4000E+05  3.371E-03  3.371E-03  2.669E-03  2.669E-03
    38  4.2000E+05  3.359E-03  3.359E-03  2.545E-03  2.545E-03
    39  4.0000E+05  3.236E-03  3.236E-03  6.456E-04  6.456E-04
    40  3.3000E+05  2.991E-03  2.991E-03  6.189E-04  6.189E-04
    41  2.7000E+05  2.965E-03  2.965E-03  4.139E-04  4.139E-04
    42  2.0000E+05  3.134E-03  3.134E-03  4.221E-04  4.221E-04
    43  1.4900E+05  3.150E-03  3.150E-03  8.309E-04  8.309E-04
    44  1.2830E+05  2.997E-03  2.997E-03  4.988E-04  4.988E-04
    45  1.0000E+05  2.951E-03  2.951E-03  7.650E-04  7.650E-04
    46  8.5000E+04  3.279E-03  3.279E-03  3.460E-03  3.460E-03
    47  8.2000E+04  3.257E-03  3.257E-03  1.394E-03  1.394E-03
    48  7.5000E+04  3.187E-03  3.187E-03  4.601E-03  4.601E-03
    49  7.3000E+04  3.162E-03  3.162E-03  6.343E-04  6.343E-04
    50  6.0000E+04  3.118E-03  3.118E-03  8.695E-04  8.695E-04
    51  5.2000E+04  2.941E-03  2.941E-03  3.173E-03  3.173E-03
    52  5.0000E+04  2.860E-03  2.860E-03  1.181E-03  1.181E-03
    53  4.5000E+04  3.086E-03  3.086E-03  3.071E-04  3.071E-04
    54  3.0000E+04  3.043E-03  3.043E-03  3.074E-04  3.074E-04
    55  2.0000E+04  3.040E-03  3.040E-03  7.677E-04  7.677E-04
    56  1.7000E+04  3.022E-03  3.022E-03  4.654E-04  4.654E-04
    57  1.3000E+04  3.010E-03  3.010E-03  3.984E-04  3.984E-04
    58  9.5000E+03  3.002E-03  3.002E-03  7.441E-04  7.441E-04
    59  8.0300E+03  2.993E-03  2.993E-03  3.653E-04  3.653E-04
    60  5.7000E+03  2.981E-03  2.981E-03  3.304E-04  3.304E-04
    61  3.9000E+03  2.979E-03  2.979E-03  2.999E-03  2.999E-03
    62  3.7400E+03  2.971E-03  2.971E-03  5.699E-04  5.699E-04
    63  3.0000E+03  2.963E-03  2.963E-03  6.899E-04  6.899E-04
    64  2.5000E+03  2.962E-03  2.962E-03  1.195E-03  1.195E-03
    65  2.2500E+03  2.954E-03  2.954E-03  5.605E-03  5.605E-03
    66  2.2000E+03  2.952E-03  2.952E-03  6.281E-04  6.281E-04
    67  1.8000E+03  2.949E-03  2.949E-03  8.442E-04  8.442E-04
    68  1.5500E+03  2.940E-03  2.940E-03  3.851E-03  3.851E-03
    69  1.5000E+03  2.939E-03  2.939E-03  4.759E-04  4.759E-04
    70  1.1500E+03  2.931E-03  2.931E-03  6.631E-04  6.631E-04
    71  9.5000E+02  2.919E-03  2.919E-03  3.847E-04  3.847E-04
    72  6.8300E+02  2.883E-03  2.883E-03  6.613E-03  6.613E-03
    73  6.7000E+02  2.910E-03  2.910E-03  6.453E-04  6.453E-04
    74  5.5000E+02  2.887E-03  2.887E-03  2.166E-04  2.166E-04
    75  3.0500E+02  2.855E-03  2.855E-03  1.896E-03  1.896E-03
    76  2.8500E+02  2.859E-03  2.859E-03  7.504E-04  7.504E-04
    77  2.4000E+02  2.834E-03  2.834E-03  1.486E-03  1.486E-03
    78  2.2000E+02  2.867E-03  2.867E-03  2.658E-03  2.658E-03
    79  2.0950E+02  2.848E-03  2.848E-03  1.291E-02  1.291E-02
    80  2.0740E+02  2.847E-03  2.847E-03  4.929E-03  4.929E-03
    81  2.0200E+02  2.803E-03  2.803E-03  2.828E-03  2.828E-03
    82  1.9300E+02  2.693E-03  2.693E-03  1.613E-02  1.613E-02
    83  1.9150E+02  2.869E-03  2.869E-03  8.267E-03  8.267E-03
    84  1.8850E+02  2.831E-03  2.831E-03  3.069E-02  3.069E-02
    85  1.8770E+02  2.838E-03  2.838E-03  3.116E-03  3.116E-03
    86  1.8000E+02  2.780E-03  2.780E-03  2.273E-03  2.273E-03
    87  1.7000E+02  2.832E-03  2.832E-03  7.550E-04  7.550E-04
    88  1.4300E+02  2.809E-03  2.809E-03  8.244E-04  8.244E-04
    89  1.2200E+02  2.705E-03  2.705E-03  5.135E-03  5.135E-03
    90  1.1900E+02  2.820E-03  2.820E-03  1.041E-02  1.041E-02
    91  1.1750E+02  2.802E-03  2.802E-03  1.027E-02  1.027E-02
    92  1.1600E+02  2.726E-03  2.726E-03  4.966E-03  4.966E-03
    93  1.1300E+02  2.776E-03  2.776E-03  2.900E-03  2.900E-03
    94  1.0800E+02  2.788E-03  2.788E-03  4.701E-03  4.701E-03
    95  1.0500E+02  2.787E-03  2.787E-03  3.591E-03  3.591E-03
    96  1.0120E+02  2.782E-03  2.782E-03  3.123E-03  3.123E-03
    97  9.7000E+01  2.781E-03  2.781E-03  1.765E-03  1.765E-03
    98  9.0000E+01  2.780E-03  2.780E-03  1.368E-03  1.368E-03
    99  8.1700E+01  2.780E-03  2.780E-03  6.295E-03  6.295E-03
   100  8.0000E+01  2.778E-03  2.778E-03  2.584E-03  2.584E-03
   101  7.6000E+01  2.772E-03  2.772E-03  2.456E-03  2.456E-03
   102  7.2000E+01  2.693E-03  2.693E-03  2.017E-03  2.017E-03
   103  6.7500E+01  2.754E-03  2.754E-03  3.542E-03  3.542E-03
   104  6.5000E+01  2.752E-03  2.752E-03  4.284E-03  4.284E-03
   105  6.3000E+01  2.750E-03  2.750E-03  4.152E-03  4.152E-03
   106  6.1000E+01  2.663E-03  2.663E-03  2.600E-03  2.600E-03
   107  5.8000E+01  2.728E-03  2.728E-03  1.629E-03  1.629E-03
   108  5.3400E+01  2.726E-03  2.726E-03  2.498E-03  2.498E-03
   109  5.0600E+01  2.721E-03  2.721E-03  2.892E-03  2.892E-03
   110  4.8300E+01  2.724E-03  2.724E-03  2.028E-03  2.028E-03
   111  4.5200E+01  2.722E-03  2.722E-03  4.999E-03  4.999E-03
   112  4.4000E+01  2.717E-03  2.717E-03  3.631E-03  3.631E-03
   113  4.2400E+01  2.725E-03  2.725E-03  4.004E-03  4.004E-03
   114  4.1000E+01  2.722E-03  2.722E-03  3.871E-03  3.871E-03
   115  3.9600E+01  2.721E-03  2.721E-03  1.058E-02  1.058E-02
   116  3.9100E+01  2.722E-03  2.722E-03  4.711E-03  4.711E-03
   117  3.8000E+01  2.721E-03  2.721E-03  1.375E-02  1.375E-02
   118  3.7630E+01  2.721E-03  2.721E-03  1.400E-02  1.400E-02
   119  3.7270E+01  2.721E-03  2.721E-03  3.575E-02  3.575E-02
   120  3.7130E+01  2.721E-03  2.721E-03  3.835E-02  3.835E-02
   121  3.7000E+01  2.719E-03  2.719E-03  4.913E-03  4.913E-03
   122  3.6000E+01  2.720E-03  2.720E-03  9.626E-03  9.626E-03
   123  3.5500E+01  2.720E-03  2.720E-03  9.495E-03  9.495E-03
   124  3.5000E+01  2.718E-03  2.718E-03  3.702E-03  3.702E-03
   125  3.3750E+01  2.718E-03  2.718E-03  9.011E-03  9.011E-03
   126  3.3250E+01  2.717E-03  2.717E-03  2.910E-03  2.910E-03
   127  3.1750E+01  2.715E-03  2.715E-03  8.453E-03  8.453E-03
   128  3.1250E+01  2.715E-03  2.715E-03  3.283E-03  3.283E-03
   129  3.0000E+01  2.714E-03  2.714E-03  1.545E-03  1.545E-03
   130  2.7500E+01  2.711E-03  2.711E-03  1.420E-03  1.420E-03
   131  2.5000E+01  2.585E-03  2.585E-03  1.259E-03  1.259E-03
   132  2.2500E+01  2.477E-03  2.477E-03  3.892E-03  3.892E-03
   133  2.1750E+01  2.485E-03  2.485E-03  5.199E-03  5.199E-03
   134  2.1200E+01  2.604E-03  2.604E-03  4.152E-03  4.152E-03
   135  2.0500E+01  2.604E-03  2.604E-03  5.654E-03  5.654E-03
   136  2.0000E+01  2.601E-03  2.601E-03  4.584E-03  4.584E-03
   137  1.9400E+01  2.588E-03  2.588E-03  2.943E-03  2.943E-03
   138  1.8500E+01  2.587E-03  2.587E-03  1.651E-03  1.651E-03
   139  1.7000E+01  2.580E-03  2.580E-03  2.305E-03  2.305E-03
   140  1.6000E+01  2.583E-03  2.583E-03  1.324E-03  1.324E-03
   141  1.4400E+01  2.581E-03  2.581E-03  1.268E-03  1.268E-03
   142  1.2900E+01  2.574E-03  2.574E-03  1.729E-03  1.729E-03
   143  1.1900E+01  2.579E-03  2.579E-03  4.073E-03  4.073E-03
   144  1.1500E+01  2.568E-03  2.568E-03  9.973E-04  9.973E-04
   145  1.0000E+01  2.568E-03  2.568E-03  1.474E-03  1.474E-03
   146  9.1000E+00  2.566E-03  2.566E-03  1.194E-03  1.194E-03
   147  8.1000E+00  2.564E-03  2.564E-03  1.114E-03  1.114E-03
   148  7.1500E+00  2.557E-03  2.557E-03  6.554E-03  6.554E-03
   149  7.0000E+00  2.541E-03  2.541E-03  7.727E-03  7.727E-03
   150  6.8750E+00  2.527E-03  2.527E-03  7.604E-03  7.604E-03
   151  6.7500E+00  2.542E-03  2.542E-03  3.688E-03  3.688E-03
   152  6.5000E+00  2.550E-03  2.550E-03  3.543E-03  3.543E-03
   153  6.2500E+00  2.550E-03  2.550E-03  3.404E-03  3.404E-03
   154  6.0000E+00  2.545E-03  2.545E-03  1.318E-03  1.318E-03
   155  5.4000E+00  2.518E-03  2.518E-03  1.794E-03  1.794E-03
   156  5.0000E+00  2.696E-03  2.696E-03  2.251E-03  2.251E-03
   157  4.7000E+00  2.792E-03  2.792E-03  1.019E-03  1.019E-03
   158  4.1000E+00  2.724E-03  2.724E-03  1.471E-03  1.471E-03
   159  3.7300E+00  2.520E-03  2.520E-03  2.187E-03  2.187E-03
   160  3.5000E+00  2.545E-03  2.545E-03  1.551E-03  1.551E-03
   161  3.2000E+00  2.629E-03  2.629E-03  4.378E-03  4.378E-03
   162  3.1000E+00  2.775E-03  2.775E-03  4.238E-03  4.238E-03
   163  3.0000E+00  2.885E-03  2.885E-03  1.383E-02  1.383E-02
   164  2.9700E+00  2.715E-03  2.715E-03  4.056E-03  4.056E-03
   165  2.8700E+00  2.666E-03  2.666E-03  3.915E-03  3.915E-03
   166  2.7700E+00  2.673E-03  2.673E-03  3.778E-03  3.778E-03
   167  2.6700E+00  2.680E-03  2.680E-03  3.639E-03  3.639E-03
   168  2.5700E+00  2.685E-03  2.685E-03  3.499E-03  3.499E-03
   169  2.4700E+00  2.683E-03  2.683E-03  3.741E-03  3.741E-03
   170  2.3800E+00  2.663E-03  2.663E-03  4.064E-03  4.064E-03
   171  2.3000E+00  2.661E-03  2.661E-03  3.486E-03  3.486E-03
   172  2.2100E+00  2.684E-03  2.684E-03  3.345E-03  3.345E-03
   173  2.1200E+00  2.699E-03  2.699E-03  2.385E-03  2.385E-03
   174  2.0000E+00  2.726E-03  2.726E-03  4.564E-03  4.564E-03
   175  1.9400E+00  2.722E-03  2.722E-03  3.303E-03  3.303E-03
   176  1.8600E+00  2.721E-03  2.721E-03  2.807E-03  2.807E-03
   177  1.7700E+00  2.734E-03  2.734E-03  2.659E-03  2.659E-03
   178  1.6800E+00  2.755E-03  2.755E-03  2.506E-03  2.506E-03
   179  1.5900E+00  2.783E-03  2.783E-03  2.367E-03  2.367E-03
   180  1.5000E+00  2.800E-03  2.800E-03  4.064E-03  4.064E-03
   181  1.4500E+00  2.812E-03  2.812E-03  3.921E-03  3.921E-03
   182  1.4000E+00  2.823E-03  2.823E-03  3.777E-03  3.777E-03
   183  1.3500E+00  2.837E-03  2.837E-03  3.635E-03  3.635E-03
   184  1.3000E+00  2.858E-03  2.858E-03  3.498E-03  3.498E-03
   185  1.2500E+00  2.876E-03  2.876E-03  6.789E-03  6.789E-03
   186  1.2250E+00  2.889E-03  2.889E-03  6.650E-03  6.650E-03
   187  1.2000E+00  2.903E-03  2.903E-03  6.511E-03  6.511E-03
   188  1.1750E+00  2.918E-03  2.918E-03  6.371E-03  6.371E-03
   189  1.1500E+00  2.929E-03  2.929E-03  1.569E-02  1.569E-02
   190  1.1400E+00  2.936E-03  2.936E-03  1.555E-02  1.555E-02
   191  1.1300E+00  2.943E-03  2.943E-03  1.541E-02  1.541E-02
   192  1.1200E+00  2.950E-03  2.950E-03  1.527E-02  1.527E-02
   193  1.1100E+00  2.957E-03  2.957E-03  1.513E-02  1.513E-02
   194  1.1000E+00  2.965E-03  2.965E-03  1.499E-02  1.499E-02
   195  1.0900E+00  2.974E-03  2.974E-03  1.485E-02  1.485E-02
   196  1.0800E+00  2.982E-03  2.982E-03  1.471E-02  1.471E-02
   197  1.0700E+00  2.991E-03  2.991E-03  1.457E-02  1.457E-02
   198  1.0600E+00  3.001E-03  3.001E-03  1.444E-02  1.444E-02
   199  1.0500E+00  3.011E-03  3.011E-03  1.430E-02  1.430E-02
   200  1.0400E+00  3.021E-03  3.021E-03  1.416E-02  1.416E-02
   201  1.0300E+00  3.032E-03  3.032E-03  1.402E-02  1.402E-02
   202  1.0200E+00  3.044E-03  3.044E-03  1.388E-02  1.388E-02
   203  1.0100E+00  3.057E-03  3.057E-03  1.375E-02  1.375E-02
   204  1.0000E+00  3.082E-03  3.082E-03  5.401E-03  5.401E-03
   205  9.7500E-01  3.122E-03  3.122E-03  5.263E-03  5.263E-03
   206  9.5000E-01  3.168E-03  3.168E-03  5.125E-03  5.125E-03
   207  9.2500E-01  3.221E-03  3.221E-03  4.987E-03  4.987E-03
   208  9.0000E-01  3.317E-03  3.317E-03  2.390E-03  2.390E-03
   209  8.5000E-01  3.482E-03  3.482E-03  2.252E-03  2.252E-03
   210  8.0000E-01  3.714E-03  3.714E-03  2.115E-03  2.115E-03
   211  7.5000E-01  4.051E-03  4.051E-03  1.978E-03  1.978E-03
   212  7.0000E-01  4.532E-03  4.532E-03  1.841E-03  1.841E-03
   213  6.5000E-01  5.010E-03  5.010E-03  3.477E-03  3.477E-03
   214  6.2500E-01  5.419E-03  5.419E-03  3.340E-03  3.340E-03
   215  6.0000E-01  6.186E-03  6.186E-03  1.567E-03  1.567E-03
   216  5.5000E-01  7.535E-03  7.535E-03  1.430E-03  1.430E-03
   217  5.0000E-01  9.368E-03  9.368E-03  1.293E-03  1.293E-03
   218  4.5000E-01  1.178E-02  1.178E-02  1.156E-03  1.156E-03
   219  4.0000E-01  1.398E-02  1.398E-02  2.109E-03  2.109E-03
   220  3.7500E-01  1.570E-02  1.570E-02  1.973E-03  1.973E-03
   221  3.5000E-01  1.756E-02  1.756E-02  1.836E-03  1.836E-03
   222  3.2500E-01  1.950E-02  1.950E-02  1.699E-03  1.699E-03
   223  3.0000E-01  2.148E-02  2.148E-02  1.563E-03  1.563E-03
   224  2.7500E-01  2.340E-02  2.340E-02  1.426E-03  1.426E-03
   225  2.5000E-01  2.507E-02  2.507E-02  1.290E-03  1.290E-03
   226  2.2500E-01  2.636E-02  2.636E-02  1.153E-03  1.153E-03
   227  2.0000E-01  2.699E-02  2.699E-02  1.017E-03  1.017E-03
   228  1.7500E-01  2.670E-02  2.670E-02  8.801E-04  8.801E-04
   229  1.5000E-01  2.517E-02  2.517E-02  7.438E-04  7.438E-04
   230  1.2500E-01  2.246E-02  2.246E-02  6.075E-04  6.075E-04
   231  1.0000E-01  1.979E-02  1.979E-02  1.286E-03  1.286E-03
   232  9.0000E-02  1.773E-02  1.773E-02  1.151E-03  1.151E-03
   233  8.0000E-02  1.536E-02  1.536E-02  1.015E-03  1.015E-03
   234  7.0000E-02  1.285E-02  1.285E-02  8.790E-04  8.790E-04
   235  6.0000E-02  1.025E-02  1.025E-02  7.432E-04  7.432E-04
   236  5.0000E-02  7.631E-03  7.631E-03  6.072E-04  6.072E-04
   237  4.0000E-02  5.086E-03  5.086E-03  4.709E-04  4.709E-04
   238  3.0000E-02  3.457E-03  3.457E-03  7.950E-04  7.950E-04
   239  2.5300E-02  1.430E-03  1.430E-03  1.459E-04  1.459E-04
   240  1.0000E-02  4.085E-04  4.085E-04  4.706E-04  4.706E-04
   241  7.5000E-03  2.146E-04  2.146E-04  3.338E-04  3.338E-04
   242  5.0000E-03  1.145E-04  1.145E-04  6.064E-04  6.064E-04
   243  4.0000E-03  6.990E-05  6.990E-05  4.703E-04  4.703E-04
   244  3.0000E-03  4.373E-05  4.373E-05  7.419E-04  7.419E-04
   245  2.5000E-03  2.936E-05  2.936E-05  6.061E-04  6.061E-04
   246  2.0000E-03  1.725E-05  1.725E-05  4.701E-04  4.701E-04
   247  1.5000E-03  8.885E-06  8.885E-06  6.063E-04  6.063E-04
   248  1.2000E-03  5.140E-06  5.140E-06  7.423E-04  7.423E-04
   249  1.0000E-03  2.764E-06  2.764E-06  4.707E-04  4.707E-04
   250  7.5000E-04  1.134E-06  1.134E-06  3.342E-04  3.342E-04
   251  5.0000E-04  9.656E-08  9.656E-08  8.446E-05  8.446E-05
   252  1.0000E-04  2.360E-10  2.360E-10  5.968E-05  5.968E-05

