
     1  2.0000E+07  0.000E+00  0.000E+00  7.478E-04  7.478E-04
     2  1.7330E+07  1.153E-07  1.153E-07  1.146E-03  1.146E-03
     3  1.5680E+07  7.759E-07  7.759E-07  1.541E-03  1.541E-03
     4  1.4550E+07  1.597E-06  1.597E-06  2.249E-03  2.249E-03
     5  1.3840E+07  3.056E-06  3.056E-06  1.479E-03  1.479E-03
     6  1.2840E+07  1.596E-05  1.596E-05  4.369E-04  4.369E-04
     7  1.0000E+07  6.343E-05  6.343E-05  5.407E-04  5.407E-04
     8  8.1870E+06  2.259E-04  2.259E-04  4.997E-04  4.997E-04
     9  6.4340E+06  6.189E-04  6.189E-04  4.237E-04  4.237E-04
    10  4.8000E+06  1.000E-03  1.000E-03  1.145E-03  1.145E-03
    11  4.3040E+06  1.274E-03  1.274E-03  3.466E-04  3.466E-04
    12  3.0000E+06  2.129E-03  2.129E-03  6.525E-04  6.525E-04
    13  2.4790E+06  2.754E-03  2.754E-03  2.403E-03  2.403E-03
    14  2.3540E+06  3.342E-03  3.342E-03  5.162E-04  5.162E-04
    15  1.8500E+06  3.905E-03  3.905E-03  5.931E-04  5.931E-04
    16  1.5000E+06  4.060E-03  4.060E-03  1.803E-03  1.803E-03
    17  1.4000E+06  4.024E-03  4.024E-03  3.896E-03  3.896E-03
    18  1.3560E+06  4.015E-03  4.015E-03  4.263E-03  4.263E-03
    19  1.3170E+06  3.979E-03  3.979E-03  2.383E-03  2.383E-03
    20  1.2500E+06  3.978E-03  3.978E-03  3.048E-03  3.048E-03
    21  1.2000E+06  4.073E-03  4.073E-03  1.430E-03  1.430E-03
    22  1.1000E+06  4.118E-03  4.118E-03  1.458E-03  1.458E-03
    23  1.0100E+06  4.074E-03  4.074E-03  1.333E-03  1.333E-03
    24  9.2000E+05  4.045E-03  4.045E-03  5.663E-03  5.663E-03
    25  9.0000E+05  4.073E-03  4.073E-03  4.418E-03  4.418E-03
    26  8.7500E+05  4.062E-03  4.062E-03  7.773E-03  7.773E-03
    27  8.6110E+05  4.068E-03  4.068E-03  2.545E-03  2.545E-03
    28  8.2000E+05  4.082E-03  4.082E-03  1.395E-03  1.395E-03
    29  7.5000E+05  4.074E-03  4.074E-03  1.252E-03  1.252E-03
    30  6.7900E+05  4.038E-03  4.038E-03  9.332E-03  9.332E-03
    31  6.7000E+05  3.934E-03  3.934E-03  1.128E-03  1.128E-03
    32  6.0000E+05  3.898E-03  3.898E-03  2.705E-03  2.705E-03
    33  5.7300E+05  3.914E-03  3.914E-03  3.040E-03  3.040E-03
    34  5.5000E+05  3.814E-03  3.814E-03  1.118E-03  1.118E-03
    35  4.9200E+05  3.807E-03  3.807E-03  2.723E-03  2.723E-03
    36  4.7000E+05  3.688E-03  3.688E-03  1.889E-03  1.889E-03
    37  4.4000E+05  3.519E-03  3.519E-03  2.678E-03  2.678E-03
    38  4.2000E+05  3.506E-03  3.506E-03  2.553E-03  2.553E-03
    39  4.0000E+05  3.378E-03  3.378E-03  6.477E-04  6.477E-04
    40  3.3000E+05  3.122E-03  3.122E-03  6.210E-04  6.210E-04
    41  2.7000E+05  3.095E-03  3.095E-03  4.153E-04  4.153E-04
    42  2.0000E+05  3.272E-03  3.272E-03  4.235E-04  4.235E-04
    43  1.4900E+05  3.287E-03  3.287E-03  8.336E-04  8.336E-04
    44  1.2830E+05  3.128E-03  3.128E-03  5.004E-04  5.004E-04
    45  1.0000E+05  3.080E-03  3.080E-03  7.676E-04  7.676E-04
    46  8.5000E+04  3.422E-03  3.422E-03  3.472E-03  3.472E-03
    47  8.2000E+04  3.399E-03  3.399E-03  1.398E-03  1.398E-03
    48  7.5000E+04  3.327E-03  3.327E-03  4.617E-03  4.617E-03
    49  7.3000E+04  3.301E-03  3.301E-03  6.364E-04  6.364E-04
    50  6.0000E+04  3.254E-03  3.254E-03  8.724E-04  8.724E-04
    51  5.2000E+04  3.069E-03  3.069E-03  3.184E-03  3.184E-03
    52  5.0000E+04  2.985E-03  2.985E-03  1.185E-03  1.185E-03
    53  4.5000E+04  3.220E-03  3.220E-03  3.081E-04  3.081E-04
    54  3.0000E+04  3.176E-03  3.176E-03  3.084E-04  3.084E-04
    55  2.0000E+04  3.174E-03  3.174E-03  7.703E-04  7.703E-04
    56  1.7000E+04  3.154E-03  3.154E-03  4.670E-04  4.670E-04
    57  1.3000E+04  3.141E-03  3.141E-03  3.997E-04  3.997E-04
    58  9.5000E+03  3.133E-03  3.133E-03  7.466E-04  7.466E-04
    59  8.0300E+03  3.123E-03  3.123E-03  3.665E-04  3.665E-04
    60  5.7000E+03  3.111E-03  3.111E-03  3.315E-04  3.315E-04
    61  3.9000E+03  3.108E-03  3.108E-03  3.009E-03  3.009E-03
    62  3.7400E+03  3.100E-03  3.100E-03  5.718E-04  5.718E-04
    63  3.0000E+03  3.091E-03  3.091E-03  6.922E-04  6.922E-04
    64  2.5000E+03  3.091E-03  3.091E-03  1.199E-03  1.199E-03
    65  2.2500E+03  3.082E-03  3.082E-03  5.624E-03  5.624E-03
    66  2.2000E+03  3.080E-03  3.080E-03  6.302E-04  6.302E-04
    67  1.8000E+03  3.076E-03  3.076E-03  8.470E-04  8.470E-04
    68  1.5500E+03  3.067E-03  3.067E-03  3.864E-03  3.864E-03
    69  1.5000E+03  3.066E-03  3.066E-03  4.775E-04  4.775E-04
    70  1.1500E+03  3.057E-03  3.057E-03  6.653E-04  6.653E-04
    71  9.5000E+02  3.045E-03  3.045E-03  3.860E-04  3.860E-04
    72  6.8300E+02  3.007E-03  3.007E-03  6.635E-03  6.635E-03
    73  6.7000E+02  3.036E-03  3.036E-03  6.475E-04  6.475E-04
    74  5.5000E+02  3.011E-03  3.011E-03  2.173E-04  2.173E-04
    75  3.0500E+02  2.978E-03  2.978E-03  1.902E-03  1.902E-03
    76  2.8500E+02  2.981E-03  2.981E-03  7.528E-04  7.528E-04
    77  2.4000E+02  2.955E-03  2.955E-03  1.490E-03  1.490E-03
    78  2.2000E+02  2.989E-03  2.989E-03  2.667E-03  2.667E-03
    79  2.0950E+02  2.970E-03  2.970E-03  1.295E-02  1.295E-02
    80  2.0740E+02  2.969E-03  2.969E-03  4.945E-03  4.945E-03
    81  2.0200E+02  2.922E-03  2.922E-03  2.837E-03  2.837E-03
    82  1.9300E+02  2.808E-03  2.808E-03  1.618E-02  1.618E-02
    83  1.9150E+02  2.992E-03  2.992E-03  8.293E-03  8.293E-03
    84  1.8850E+02  2.955E-03  2.955E-03  3.079E-02  3.079E-02
    85  1.8770E+02  2.959E-03  2.959E-03  3.126E-03  3.126E-03
    86  1.8000E+02  2.899E-03  2.899E-03  2.280E-03  2.280E-03
    87  1.7000E+02  2.953E-03  2.953E-03  7.574E-04  7.574E-04
    88  1.4300E+02  2.929E-03  2.929E-03  8.269E-04  8.269E-04
    89  1.2200E+02  2.819E-03  2.819E-03  5.151E-03  5.151E-03
    90  1.1900E+02  2.939E-03  2.939E-03  1.044E-02  1.044E-02
    91  1.1750E+02  2.921E-03  2.921E-03  1.030E-02  1.030E-02
    92  1.1600E+02  2.842E-03  2.842E-03  4.980E-03  4.980E-03
    93  1.1300E+02  2.895E-03  2.895E-03  2.909E-03  2.909E-03
    94  1.0800E+02  2.905E-03  2.905E-03  4.715E-03  4.715E-03
    95  1.0500E+02  2.906E-03  2.906E-03  3.602E-03  3.602E-03
    96  1.0120E+02  2.900E-03  2.900E-03  3.132E-03  3.132E-03
    97  9.7000E+01  2.899E-03  2.899E-03  1.770E-03  1.770E-03
    98  9.0000E+01  2.898E-03  2.898E-03  1.372E-03  1.372E-03
    99  8.1700E+01  2.898E-03  2.898E-03  6.313E-03  6.313E-03
   100  8.0000E+01  2.897E-03  2.897E-03  2.592E-03  2.592E-03
   101  7.6000E+01  2.889E-03  2.889E-03  2.463E-03  2.463E-03
   102  7.2000E+01  2.807E-03  2.807E-03  2.023E-03  2.023E-03
   103  6.7500E+01  2.871E-03  2.871E-03  3.552E-03  3.552E-03
   104  6.5000E+01  2.868E-03  2.868E-03  4.296E-03  4.296E-03
   105  6.3000E+01  2.866E-03  2.866E-03  4.163E-03  4.163E-03
   106  6.1000E+01  2.776E-03  2.776E-03  2.607E-03  2.607E-03
   107  5.8000E+01  2.843E-03  2.843E-03  1.634E-03  1.634E-03
   108  5.3400E+01  2.841E-03  2.841E-03  2.504E-03  2.504E-03
   109  5.0600E+01  2.837E-03  2.837E-03  2.900E-03  2.900E-03
   110  4.8300E+01  2.839E-03  2.839E-03  2.033E-03  2.033E-03
   111  4.5200E+01  2.838E-03  2.838E-03  5.012E-03  5.012E-03
   112  4.4000E+01  2.835E-03  2.835E-03  3.640E-03  3.640E-03
   113  4.2400E+01  2.838E-03  2.838E-03  4.015E-03  4.015E-03
   114  4.1000E+01  2.836E-03  2.836E-03  3.881E-03  3.881E-03
   115  3.9600E+01  2.836E-03  2.836E-03  1.061E-02  1.061E-02
   116  3.9100E+01  2.837E-03  2.837E-03  4.723E-03  4.723E-03
   117  3.8000E+01  2.836E-03  2.836E-03  1.378E-02  1.378E-02
   118  3.7630E+01  2.835E-03  2.835E-03  1.403E-02  1.403E-02
   119  3.7270E+01  2.836E-03  2.836E-03  3.583E-02  3.583E-02
   120  3.7130E+01  2.836E-03  2.836E-03  3.844E-02  3.844E-02
   121  3.7000E+01  2.834E-03  2.834E-03  4.924E-03  4.924E-03
   122  3.6000E+01  2.834E-03  2.834E-03  9.649E-03  9.649E-03
   123  3.5500E+01  2.834E-03  2.834E-03  9.517E-03  9.517E-03
   124  3.5000E+01  2.831E-03  2.831E-03  3.711E-03  3.711E-03
   125  3.3750E+01  2.832E-03  2.832E-03  9.032E-03  9.032E-03
   126  3.3250E+01  2.831E-03  2.831E-03  2.917E-03  2.917E-03
   127  3.1750E+01  2.831E-03  2.831E-03  8.475E-03  8.475E-03
   128  3.1250E+01  2.831E-03  2.831E-03  3.292E-03  3.292E-03
   129  3.0000E+01  2.828E-03  2.828E-03  1.548E-03  1.548E-03
   130  2.7500E+01  2.824E-03  2.824E-03  1.423E-03  1.423E-03
   131  2.5000E+01  2.692E-03  2.692E-03  1.261E-03  1.261E-03
   132  2.2500E+01  2.578E-03  2.578E-03  3.901E-03  3.901E-03
   133  2.1750E+01  2.588E-03  2.588E-03  5.210E-03  5.210E-03
   134  2.1200E+01  2.714E-03  2.714E-03  4.164E-03  4.164E-03
   135  2.0500E+01  2.712E-03  2.712E-03  5.667E-03  5.667E-03
   136  2.0000E+01  2.709E-03  2.709E-03  4.594E-03  4.594E-03
   137  1.9400E+01  2.693E-03  2.693E-03  2.949E-03  2.949E-03
   138  1.8500E+01  2.694E-03  2.694E-03  1.654E-03  1.654E-03
   139  1.7000E+01  2.685E-03  2.685E-03  2.309E-03  2.309E-03
   140  1.6000E+01  2.688E-03  2.688E-03  1.327E-03  1.327E-03
   141  1.4400E+01  2.686E-03  2.686E-03  1.271E-03  1.271E-03
   142  1.2900E+01  2.677E-03  2.677E-03  1.733E-03  1.733E-03
   143  1.1900E+01  2.682E-03  2.682E-03  4.083E-03  4.083E-03
   144  1.1500E+01  2.668E-03  2.668E-03  9.994E-04  9.994E-04
   145  1.0000E+01  2.669E-03  2.669E-03  1.478E-03  1.478E-03
   146  9.1000E+00  2.669E-03  2.669E-03  1.197E-03  1.197E-03
   147  8.1000E+00  2.667E-03  2.667E-03  1.116E-03  1.116E-03
   148  7.1500E+00  2.659E-03  2.659E-03  6.569E-03  6.569E-03
   149  7.0000E+00  2.638E-03  2.638E-03  7.742E-03  7.742E-03
   150  6.8750E+00  2.620E-03  2.620E-03  7.614E-03  7.614E-03
   151  6.7500E+00  2.640E-03  2.640E-03  3.694E-03  3.694E-03
   152  6.5000E+00  2.650E-03  2.650E-03  3.548E-03  3.548E-03
   153  6.2500E+00  2.649E-03  2.649E-03  3.408E-03  3.408E-03
   154  6.0000E+00  2.646E-03  2.646E-03  1.319E-03  1.319E-03
   155  5.4000E+00  2.643E-03  2.643E-03  1.805E-03  1.805E-03
   156  5.0000E+00  2.809E-03  2.809E-03  2.246E-03  2.246E-03
   157  4.7000E+00  2.911E-03  2.911E-03  1.016E-03  1.016E-03
   158  4.1000E+00  2.841E-03  2.841E-03  1.467E-03  1.467E-03
   159  3.7300E+00  2.626E-03  2.626E-03  2.180E-03  2.180E-03
   160  3.5000E+00  2.655E-03  2.655E-03  1.547E-03  1.547E-03
   161  3.2000E+00  2.740E-03  2.740E-03  4.364E-03  4.364E-03
   162  3.1000E+00  2.892E-03  2.892E-03  4.225E-03  4.225E-03
   163  3.0000E+00  3.007E-03  3.007E-03  1.378E-02  1.378E-02
   164  2.9700E+00  2.831E-03  2.831E-03  4.044E-03  4.044E-03
   165  2.8700E+00  2.781E-03  2.781E-03  3.905E-03  3.905E-03
   166  2.7700E+00  2.788E-03  2.788E-03  3.766E-03  3.766E-03
   167  2.6700E+00  2.794E-03  2.794E-03  3.627E-03  3.627E-03
   168  2.5700E+00  2.798E-03  2.798E-03  3.488E-03  3.488E-03
   169  2.4700E+00  2.793E-03  2.793E-03  3.727E-03  3.727E-03
   170  2.3800E+00  2.766E-03  2.766E-03  4.046E-03  4.046E-03
   171  2.3000E+00  2.762E-03  2.762E-03  3.471E-03  3.471E-03
   172  2.2100E+00  2.788E-03  2.788E-03  3.334E-03  3.334E-03
   173  2.1200E+00  2.803E-03  2.803E-03  2.378E-03  2.378E-03
   174  2.0000E+00  2.829E-03  2.829E-03  4.550E-03  4.550E-03
   175  1.9400E+00  2.821E-03  2.821E-03  3.293E-03  3.293E-03
   176  1.8600E+00  2.816E-03  2.816E-03  2.798E-03  2.798E-03
   177  1.7700E+00  2.831E-03  2.831E-03  2.653E-03  2.653E-03
   178  1.6800E+00  2.860E-03  2.860E-03  2.505E-03  2.505E-03
   179  1.5900E+00  2.883E-03  2.883E-03  2.361E-03  2.361E-03
   180  1.5000E+00  2.900E-03  2.900E-03  4.051E-03  4.051E-03
   181  1.4500E+00  2.913E-03  2.913E-03  3.909E-03  3.909E-03
   182  1.4000E+00  2.927E-03  2.927E-03  3.768E-03  3.768E-03
   183  1.3500E+00  2.942E-03  2.942E-03  3.627E-03  3.627E-03
   184  1.3000E+00  2.961E-03  2.961E-03  3.487E-03  3.487E-03
   185  1.2500E+00  2.977E-03  2.977E-03  6.764E-03  6.764E-03
   186  1.2250E+00  2.990E-03  2.990E-03  6.625E-03  6.625E-03
   187  1.2000E+00  3.004E-03  3.004E-03  6.485E-03  6.485E-03
   188  1.1750E+00  3.020E-03  3.020E-03  6.346E-03  6.346E-03
   189  1.1500E+00  3.031E-03  3.031E-03  1.562E-02  1.562E-02
   190  1.1400E+00  3.038E-03  3.038E-03  1.549E-02  1.549E-02
   191  1.1300E+00  3.044E-03  3.044E-03  1.535E-02  1.535E-02
   192  1.1200E+00  3.052E-03  3.052E-03  1.521E-02  1.521E-02
   193  1.1100E+00  3.059E-03  3.059E-03  1.507E-02  1.507E-02
   194  1.1000E+00  3.067E-03  3.067E-03  1.493E-02  1.493E-02
   195  1.0900E+00  3.075E-03  3.075E-03  1.479E-02  1.479E-02
   196  1.0800E+00  3.084E-03  3.084E-03  1.465E-02  1.465E-02
   197  1.0700E+00  3.093E-03  3.093E-03  1.452E-02  1.452E-02
   198  1.0600E+00  3.102E-03  3.102E-03  1.438E-02  1.438E-02
   199  1.0500E+00  3.112E-03  3.112E-03  1.424E-02  1.424E-02
   200  1.0400E+00  3.123E-03  3.123E-03  1.410E-02  1.410E-02
   201  1.0300E+00  3.134E-03  3.134E-03  1.397E-02  1.397E-02
   202  1.0200E+00  3.146E-03  3.146E-03  1.383E-02  1.383E-02
   203  1.0100E+00  3.158E-03  3.158E-03  1.369E-02  1.369E-02
   204  1.0000E+00  3.183E-03  3.183E-03  5.379E-03  5.379E-03
   205  9.7500E-01  3.222E-03  3.222E-03  5.242E-03  5.242E-03
   206  9.5000E-01  3.267E-03  3.267E-03  5.104E-03  5.104E-03
   207  9.2500E-01  3.319E-03  3.319E-03  4.967E-03  4.967E-03
   208  9.0000E-01  3.412E-03  3.412E-03  2.380E-03  2.380E-03
   209  8.5000E-01  3.571E-03  3.571E-03  2.243E-03  2.243E-03
   210  8.0000E-01  3.792E-03  3.792E-03  2.106E-03  2.106E-03
   211  7.5000E-01  4.113E-03  4.113E-03  1.970E-03  1.970E-03
   212  7.0000E-01  4.568E-03  4.568E-03  1.833E-03  1.833E-03
   213  6.5000E-01  5.018E-03  5.018E-03  3.463E-03  3.463E-03
   214  6.2500E-01  5.402E-03  5.402E-03  3.327E-03  3.327E-03
   215  6.0000E-01  6.119E-03  6.119E-03  1.560E-03  1.560E-03
   216  5.5000E-01  7.378E-03  7.378E-03  1.424E-03  1.424E-03
   217  5.0000E-01  9.083E-03  9.083E-03  1.288E-03  1.288E-03
   218  4.5000E-01  1.132E-02  1.132E-02  1.152E-03  1.152E-03
   219  4.0000E-01  1.335E-02  1.335E-02  2.101E-03  2.101E-03
   220  3.7500E-01  1.494E-02  1.494E-02  1.965E-03  1.965E-03
   221  3.5000E-01  1.665E-02  1.665E-02  1.829E-03  1.829E-03
   222  3.2500E-01  1.843E-02  1.843E-02  1.693E-03  1.693E-03
   223  3.0000E-01  2.025E-02  2.025E-02  1.557E-03  1.557E-03
   224  2.7500E-01  2.200E-02  2.200E-02  1.421E-03  1.421E-03
   225  2.5000E-01  2.352E-02  2.352E-02  1.285E-03  1.285E-03
   226  2.2500E-01  2.467E-02  2.467E-02  1.149E-03  1.149E-03
   227  2.0000E-01  2.521E-02  2.521E-02  1.013E-03  1.013E-03
   228  1.7500E-01  2.489E-02  2.489E-02  8.770E-04  8.770E-04
   229  1.5000E-01  2.342E-02  2.342E-02  7.412E-04  7.412E-04
   230  1.2500E-01  2.087E-02  2.087E-02  6.055E-04  6.055E-04
   231  1.0000E-01  1.836E-02  1.836E-02  1.282E-03  1.282E-03
   232  9.0000E-02  1.644E-02  1.644E-02  1.147E-03  1.147E-03
   233  8.0000E-02  1.423E-02  1.423E-02  1.012E-03  1.012E-03
   234  7.0000E-02  1.190E-02  1.190E-02  8.763E-04  8.763E-04
   235  6.0000E-02  9.477E-03  9.477E-03  7.409E-04  7.409E-04
   236  5.0000E-02  7.049E-03  7.049E-03  6.053E-04  6.053E-04
   237  4.0000E-02  4.693E-03  4.693E-03  4.694E-04  4.694E-04
   238  3.0000E-02  3.186E-03  3.186E-03  7.925E-04  7.925E-04
   239  2.5300E-02  1.317E-03  1.317E-03  1.454E-04  1.454E-04
   240  1.0000E-02  3.755E-04  3.755E-04  4.691E-04  4.691E-04
   241  7.5000E-03  1.973E-04  1.973E-04  3.327E-04  3.327E-04
   242  5.0000E-03  1.052E-04  1.052E-04  6.045E-04  6.045E-04
   243  4.0000E-03  6.426E-05  6.426E-05  4.688E-04  4.688E-04
   244  3.0000E-03  4.022E-05  4.022E-05  7.395E-04  7.395E-04
   245  2.5000E-03  2.702E-05  2.702E-05  6.041E-04  6.041E-04
   246  2.0000E-03  1.587E-05  1.587E-05  4.686E-04  4.686E-04
   247  1.5000E-03  8.153E-06  8.153E-06  6.043E-04  6.043E-04
   248  1.2000E-03  4.710E-06  4.710E-06  7.399E-04  7.399E-04
   249  1.0000E-03  2.529E-06  2.529E-06  4.691E-04  4.691E-04
   250  7.5000E-04  1.036E-06  1.036E-06  3.331E-04  3.331E-04
   251  5.0000E-04  8.735E-08  8.735E-08  8.418E-05  8.418E-05
   252  1.0000E-04  2.016E-10  2.016E-10  5.946E-05  5.946E-05


     1  2.0000E+07  0.000E+00  0.000E+00  7.478E-04  7.478E-04
     2  1.7330E+07  1.141E-07  1.141E-07  1.146E-03  1.146E-03
     3  1.5680E+07  7.675E-07  7.675E-07  1.541E-03  1.541E-03
     4  1.4550E+07  1.579E-06  1.579E-06  2.249E-03  2.249E-03
     5  1.3840E+07  3.023E-06  3.023E-06  1.479E-03  1.479E-03
     6  1.2840E+07  1.579E-05  1.579E-05  4.369E-04  4.369E-04
     7  1.0000E+07  6.276E-05  6.276E-05  5.406E-04  5.406E-04
     8  8.1870E+06  2.235E-04  2.235E-04  4.995E-04  4.995E-04
     9  6.4340E+06  6.123E-04  6.123E-04  4.234E-04  4.234E-04
    10  4.8000E+06  9.895E-04  9.895E-04  1.144E-03  1.144E-03
    11  4.3040E+06  1.260E-03  1.260E-03  3.463E-04  3.463E-04
    12  3.0000E+06  2.107E-03  2.107E-03  6.519E-04  6.519E-04
    13  2.4790E+06  2.725E-03  2.725E-03  2.401E-03  2.401E-03
    14  2.3540E+06  3.306E-03  3.306E-03  5.157E-04  5.157E-04
    15  1.8500E+06  3.864E-03  3.864E-03  5.926E-04  5.926E-04
    16  1.5000E+06  4.017E-03  4.017E-03  1.801E-03  1.801E-03
    17  1.4000E+06  3.982E-03  3.982E-03  3.892E-03  3.892E-03
    18  1.3560E+06  3.972E-03  3.972E-03  4.259E-03  4.259E-03
    19  1.3170E+06  3.937E-03  3.937E-03  2.381E-03  2.381E-03
    20  1.2500E+06  3.936E-03  3.936E-03  3.045E-03  3.045E-03
    21  1.2000E+06  4.030E-03  4.030E-03  1.429E-03  1.429E-03
    22  1.1000E+06  4.075E-03  4.075E-03  1.456E-03  1.456E-03
    23  1.0100E+06  4.031E-03  4.031E-03  1.332E-03  1.332E-03
    24  9.2000E+05  4.002E-03  4.002E-03  5.657E-03  5.657E-03
    25  9.0000E+05  4.030E-03  4.030E-03  4.414E-03  4.414E-03
    26  8.7500E+05  4.019E-03  4.019E-03  7.765E-03  7.765E-03
    27  8.6110E+05  4.025E-03  4.025E-03  2.543E-03  2.543E-03
    28  8.2000E+05  4.039E-03  4.039E-03  1.394E-03  1.394E-03
    29  7.5000E+05  4.031E-03  4.031E-03  1.251E-03  1.251E-03
    30  6.7900E+05  3.996E-03  3.996E-03  9.323E-03  9.323E-03
    31  6.7000E+05  3.893E-03  3.893E-03  1.127E-03  1.127E-03
    32  6.0000E+05  3.857E-03  3.857E-03  2.702E-03  2.702E-03
    33  5.7300E+05  3.873E-03  3.873E-03  3.037E-03  3.037E-03
    34  5.5000E+05  3.774E-03  3.774E-03  1.117E-03  1.117E-03
    35  4.9200E+05  3.767E-03  3.767E-03  2.720E-03  2.720E-03
    36  4.7000E+05  3.649E-03  3.649E-03  1.887E-03  1.887E-03
    37  4.4000E+05  3.481E-03  3.481E-03  2.676E-03  2.676E-03
    38  4.2000E+05  3.470E-03  3.470E-03  2.551E-03  2.551E-03
    39  4.0000E+05  3.342E-03  3.342E-03  6.471E-04  6.471E-04
    40  3.3000E+05  3.089E-03  3.089E-03  6.204E-04  6.204E-04
    41  2.7000E+05  3.063E-03  3.063E-03  4.149E-04  4.149E-04
    42  2.0000E+05  3.237E-03  3.237E-03  4.231E-04  4.231E-04
    43  1.4900E+05  3.253E-03  3.253E-03  8.328E-04  8.328E-04
    44  1.2830E+05  3.095E-03  3.095E-03  5.000E-04  5.000E-04
    45  1.0000E+05  3.048E-03  3.048E-03  7.668E-04  7.668E-04
    46  8.5000E+04  3.387E-03  3.387E-03  3.468E-03  3.468E-03
    47  8.2000E+04  3.364E-03  3.364E-03  1.397E-03  1.397E-03
    48  7.5000E+04  3.292E-03  3.292E-03  4.612E-03  4.612E-03
    49  7.3000E+04  3.266E-03  3.266E-03  6.358E-04  6.358E-04
    50  6.0000E+04  3.220E-03  3.220E-03  8.716E-04  8.716E-04
    51  5.2000E+04  3.037E-03  3.037E-03  3.181E-03  3.181E-03
    52  5.0000E+04  2.954E-03  2.954E-03  1.184E-03  1.184E-03
    53  4.5000E+04  3.187E-03  3.187E-03  3.078E-04  3.078E-04
    54  3.0000E+04  3.143E-03  3.143E-03  3.081E-04  3.081E-04
    55  2.0000E+04  3.140E-03  3.140E-03  7.695E-04  7.695E-04
    56  1.7000E+04  3.121E-03  3.121E-03  4.665E-04  4.665E-04
    57  1.3000E+04  3.109E-03  3.109E-03  3.994E-04  3.994E-04
    58  9.5000E+03  3.100E-03  3.100E-03  7.459E-04  7.459E-04
    59  8.0300E+03  3.091E-03  3.091E-03  3.662E-04  3.662E-04
    60  5.7000E+03  3.079E-03  3.079E-03  3.312E-04  3.312E-04
    61  3.9000E+03  3.076E-03  3.076E-03  3.006E-03  3.006E-03
    62  3.7400E+03  3.068E-03  3.068E-03  5.713E-04  5.713E-04
    63  3.0000E+03  3.059E-03  3.059E-03  6.916E-04  6.916E-04
    64  2.5000E+03  3.059E-03  3.059E-03  1.198E-03  1.198E-03
    65  2.2500E+03  3.050E-03  3.050E-03  5.619E-03  5.619E-03
    66  2.2000E+03  3.048E-03  3.048E-03  6.296E-04  6.296E-04
    67  1.8000E+03  3.044E-03  3.044E-03  8.462E-04  8.462E-04
    68  1.5500E+03  3.035E-03  3.035E-03  3.860E-03  3.860E-03
    69  1.5000E+03  3.034E-03  3.034E-03  4.771E-04  4.771E-04
    70  1.1500E+03  3.026E-03  3.026E-03  6.647E-04  6.647E-04
    71  9.5000E+02  3.014E-03  3.014E-03  3.857E-04  3.857E-04
    72  6.8300E+02  2.976E-03  2.976E-03  6.629E-03  6.629E-03
    73  6.7000E+02  3.004E-03  3.004E-03  6.469E-04  6.469E-04
    74  5.5000E+02  2.980E-03  2.980E-03  2.171E-04  2.171E-04
    75  3.0500E+02  2.947E-03  2.947E-03  1.901E-03  1.901E-03
    76  2.8500E+02  2.950E-03  2.950E-03  7.521E-04  7.521E-04
    77  2.4000E+02  2.924E-03  2.924E-03  1.489E-03  1.489E-03
    78  2.2000E+02  2.958E-03  2.958E-03  2.664E-03  2.664E-03
    79  2.0950E+02  2.939E-03  2.939E-03  1.294E-02  1.294E-02
    80  2.0740E+02  2.938E-03  2.938E-03  4.941E-03  4.941E-03
    81  2.0200E+02  2.892E-03  2.892E-03  2.834E-03  2.834E-03
    82  1.9300E+02  2.779E-03  2.779E-03  1.617E-02  1.617E-02
    83  1.9150E+02  2.961E-03  2.961E-03  8.285E-03  8.285E-03
    84  1.8850E+02  2.924E-03  2.924E-03  3.076E-02  3.076E-02
    85  1.8770E+02  2.929E-03  2.929E-03  3.123E-03  3.123E-03
    86  1.8000E+02  2.869E-03  2.869E-03  2.278E-03  2.278E-03
    87  1.7000E+02  2.923E-03  2.923E-03  7.567E-04  7.567E-04
    88  1.4300E+02  2.899E-03  2.899E-03  8.262E-04  8.262E-04
    89  1.2200E+02  2.791E-03  2.791E-03  5.146E-03  5.146E-03
    90  1.1900E+02  2.910E-03  2.910E-03  1.043E-02  1.043E-02
    91  1.1750E+02  2.891E-03  2.891E-03  1.029E-02  1.029E-02
    92  1.1600E+02  2.813E-03  2.813E-03  4.976E-03  4.976E-03
    93  1.1300E+02  2.865E-03  2.865E-03  2.906E-03  2.906E-03
    94  1.0800E+02  2.876E-03  2.876E-03  4.711E-03  4.711E-03
    95  1.0500E+02  2.876E-03  2.876E-03  3.599E-03  3.599E-03
    96  1.0120E+02  2.870E-03  2.870E-03  3.129E-03  3.129E-03
    97  9.7000E+01  2.870E-03  2.870E-03  1.769E-03  1.769E-03
    98  9.0000E+01  2.868E-03  2.868E-03  1.371E-03  1.371E-03
    99  8.1700E+01  2.868E-03  2.868E-03  6.308E-03  6.308E-03
   100  8.0000E+01  2.867E-03  2.867E-03  2.589E-03  2.589E-03
   101  7.6000E+01  2.860E-03  2.860E-03  2.461E-03  2.461E-03
   102  7.2000E+01  2.778E-03  2.778E-03  2.021E-03  2.021E-03
   103  6.7500E+01  2.841E-03  2.841E-03  3.550E-03  3.550E-03
   104  6.5000E+01  2.839E-03  2.839E-03  4.292E-03  4.292E-03
   105  6.3000E+01  2.837E-03  2.837E-03  4.160E-03  4.160E-03
   106  6.1000E+01  2.747E-03  2.747E-03  2.605E-03  2.605E-03
   107  5.8000E+01  2.814E-03  2.814E-03  1.632E-03  1.632E-03
   108  5.3400E+01  2.812E-03  2.812E-03  2.502E-03  2.502E-03
   109  5.0600E+01  2.808E-03  2.808E-03  2.897E-03  2.897E-03
   110  4.8300E+01  2.810E-03  2.810E-03  2.032E-03  2.032E-03
   111  4.5200E+01  2.809E-03  2.809E-03  5.008E-03  5.008E-03
   112  4.4000E+01  2.806E-03  2.806E-03  3.638E-03  3.638E-03
   113  4.2400E+01  2.809E-03  2.809E-03  4.012E-03  4.012E-03
   114  4.1000E+01  2.807E-03  2.807E-03  3.878E-03  3.878E-03
   115  3.9600E+01  2.807E-03  2.807E-03  1.060E-02  1.060E-02
   116  3.9100E+01  2.809E-03  2.809E-03  4.720E-03  4.720E-03
   117  3.8000E+01  2.808E-03  2.808E-03  1.377E-02  1.377E-02
   118  3.7630E+01  2.806E-03  2.806E-03  1.402E-02  1.402E-02
   119  3.7270E+01  2.807E-03  2.807E-03  3.581E-02  3.581E-02
   120  3.7130E+01  2.807E-03  2.807E-03  3.842E-02  3.842E-02
   121  3.7000E+01  2.805E-03  2.805E-03  4.921E-03  4.921E-03
   122  3.6000E+01  2.806E-03  2.806E-03  9.643E-03  9.643E-03
   123  3.5500E+01  2.806E-03  2.806E-03  9.511E-03  9.511E-03
   124  3.5000E+01  2.803E-03  2.803E-03  3.709E-03  3.709E-03
   125  3.3750E+01  2.803E-03  2.803E-03  9.026E-03  9.026E-03
   126  3.3250E+01  2.802E-03  2.802E-03  2.915E-03  2.915E-03
   127  3.1750E+01  2.802E-03  2.802E-03  8.469E-03  8.469E-03
   128  3.1250E+01  2.802E-03  2.802E-03  3.289E-03  3.289E-03
   129  3.0000E+01  2.799E-03  2.799E-03  1.547E-03  1.547E-03
   130  2.7500E+01  2.796E-03  2.796E-03  1.422E-03  1.422E-03
   131  2.5000E+01  2.665E-03  2.665E-03  1.260E-03  1.260E-03
   132  2.2500E+01  2.553E-03  2.553E-03  3.898E-03  3.898E-03
   133  2.1750E+01  2.562E-03  2.562E-03  5.207E-03  5.207E-03
   134  2.1200E+01  2.686E-03  2.686E-03  4.160E-03  4.160E-03
   135  2.0500E+01  2.685E-03  2.685E-03  5.663E-03  5.663E-03
   136  2.0000E+01  2.682E-03  2.682E-03  4.591E-03  4.591E-03
   137  1.9400E+01  2.667E-03  2.667E-03  2.948E-03  2.948E-03
   138  1.8500E+01  2.667E-03  2.667E-03  1.654E-03  1.654E-03
   139  1.7000E+01  2.659E-03  2.659E-03  2.308E-03  2.308E-03
   140  1.6000E+01  2.661E-03  2.661E-03  1.326E-03  1.326E-03
   141  1.4400E+01  2.660E-03  2.660E-03  1.270E-03  1.270E-03
   142  1.2900E+01  2.651E-03  2.651E-03  1.732E-03  1.732E-03
   143  1.1900E+01  2.656E-03  2.656E-03  4.080E-03  4.080E-03
   144  1.1500E+01  2.643E-03  2.643E-03  9.988E-04  9.988E-04
   145  1.0000E+01  2.644E-03  2.644E-03  1.477E-03  1.477E-03
   146  9.1000E+00  2.643E-03  2.643E-03  1.196E-03  1.196E-03
   147  8.1000E+00  2.641E-03  2.641E-03  1.115E-03  1.115E-03
   148  7.1500E+00  2.633E-03  2.633E-03  6.564E-03  6.564E-03
   149  7.0000E+00  2.614E-03  2.614E-03  7.739E-03  7.739E-03
   150  6.8750E+00  2.598E-03  2.598E-03  7.612E-03  7.612E-03
   151  6.7500E+00  2.616E-03  2.616E-03  3.692E-03  3.692E-03
   152  6.5000E+00  2.625E-03  2.625E-03  3.546E-03  3.546E-03
   153  6.2500E+00  2.625E-03  2.625E-03  3.406E-03  3.406E-03
   154  6.0000E+00  2.621E-03  2.621E-03  1.319E-03  1.319E-03
   155  5.4000E+00  2.613E-03  2.613E-03  1.802E-03  1.802E-03
   156  5.0000E+00  2.781E-03  2.781E-03  2.246E-03  2.246E-03
   157  4.7000E+00  2.882E-03  2.882E-03  1.017E-03  1.017E-03
   158  4.1000E+00  2.813E-03  2.813E-03  1.467E-03  1.467E-03
   159  3.7300E+00  2.600E-03  2.600E-03  2.181E-03  2.181E-03
   160  3.5000E+00  2.627E-03  2.627E-03  1.547E-03  1.547E-03
   161  3.2000E+00  2.713E-03  2.713E-03  4.367E-03  4.367E-03
   162  3.1000E+00  2.863E-03  2.863E-03  4.227E-03  4.227E-03
   163  3.0000E+00  2.977E-03  2.977E-03  1.379E-02  1.379E-02
   164  2.9700E+00  2.802E-03  2.802E-03  4.046E-03  4.046E-03
   165  2.8700E+00  2.752E-03  2.752E-03  3.906E-03  3.906E-03
   166  2.7700E+00  2.759E-03  2.759E-03  3.768E-03  3.768E-03
   167  2.6700E+00  2.765E-03  2.765E-03  3.629E-03  3.629E-03
   168  2.5700E+00  2.770E-03  2.770E-03  3.490E-03  3.490E-03
   169  2.4700E+00  2.766E-03  2.766E-03  3.730E-03  3.730E-03
   170  2.3800E+00  2.742E-03  2.742E-03  4.051E-03  4.051E-03
   171  2.3000E+00  2.738E-03  2.738E-03  3.475E-03  3.475E-03
   172  2.2100E+00  2.763E-03  2.763E-03  3.336E-03  3.336E-03
   173  2.1200E+00  2.778E-03  2.778E-03  2.379E-03  2.379E-03
   174  2.0000E+00  2.804E-03  2.804E-03  4.553E-03  4.553E-03
   175  1.9400E+00  2.797E-03  2.797E-03  3.295E-03  3.295E-03
   176  1.8600E+00  2.793E-03  2.793E-03  2.800E-03  2.800E-03
   177  1.7700E+00  2.807E-03  2.807E-03  2.654E-03  2.654E-03
   178  1.6800E+00  2.831E-03  2.831E-03  2.502E-03  2.502E-03
   179  1.5900E+00  2.858E-03  2.858E-03  2.362E-03  2.362E-03
   180  1.5000E+00  2.875E-03  2.875E-03  4.054E-03  4.054E-03
   181  1.4500E+00  2.887E-03  2.887E-03  3.912E-03  3.912E-03
   182  1.4000E+00  2.899E-03  2.899E-03  3.769E-03  3.769E-03
   183  1.3500E+00  2.914E-03  2.914E-03  3.627E-03  3.627E-03
   184  1.3000E+00  2.934E-03  2.934E-03  3.489E-03  3.489E-03
   185  1.2500E+00  2.951E-03  2.951E-03  6.771E-03  6.771E-03
   186  1.2250E+00  2.964E-03  2.964E-03  6.632E-03  6.632E-03
   187  1.2000E+00  2.978E-03  2.978E-03  6.493E-03  6.493E-03
   188  1.1750E+00  2.993E-03  2.993E-03  6.354E-03  6.354E-03
   189  1.1500E+00  3.005E-03  3.005E-03  1.564E-02  1.564E-02
   190  1.1400E+00  3.011E-03  3.011E-03  1.550E-02  1.550E-02
   191  1.1300E+00  3.018E-03  3.018E-03  1.537E-02  1.537E-02
   192  1.1200E+00  3.026E-03  3.026E-03  1.523E-02  1.523E-02
   193  1.1100E+00  3.033E-03  3.033E-03  1.509E-02  1.509E-02
   194  1.1000E+00  3.041E-03  3.041E-03  1.495E-02  1.495E-02
   195  1.0900E+00  3.049E-03  3.049E-03  1.481E-02  1.481E-02
   196  1.0800E+00  3.058E-03  3.058E-03  1.467E-02  1.467E-02
   197  1.0700E+00  3.067E-03  3.067E-03  1.454E-02  1.454E-02
   198  1.0600E+00  3.076E-03  3.076E-03  1.440E-02  1.440E-02
   199  1.0500E+00  3.086E-03  3.086E-03  1.426E-02  1.426E-02
   200  1.0400E+00  3.097E-03  3.097E-03  1.412E-02  1.412E-02
   201  1.0300E+00  3.108E-03  3.108E-03  1.398E-02  1.398E-02
   202  1.0200E+00  3.120E-03  3.120E-03  1.385E-02  1.385E-02
   203  1.0100E+00  3.132E-03  3.132E-03  1.371E-02  1.371E-02
   204  1.0000E+00  3.157E-03  3.157E-03  5.386E-03  5.386E-03
   205  9.7500E-01  3.197E-03  3.197E-03  5.249E-03  5.249E-03
   206  9.5000E-01  3.242E-03  3.242E-03  5.111E-03  5.111E-03
   207  9.2500E-01  3.294E-03  3.294E-03  4.974E-03  4.974E-03
   208  9.0000E-01  3.388E-03  3.388E-03  2.383E-03  2.383E-03
   209  8.5000E-01  3.548E-03  3.548E-03  2.246E-03  2.246E-03
   210  8.0000E-01  3.773E-03  3.773E-03  2.109E-03  2.109E-03
   211  7.5000E-01  4.098E-03  4.098E-03  1.972E-03  1.972E-03
   212  7.0000E-01  4.559E-03  4.559E-03  1.835E-03  1.835E-03
   213  6.5000E-01  5.017E-03  5.017E-03  3.467E-03  3.467E-03
   214  6.2500E-01  5.407E-03  5.407E-03  3.331E-03  3.331E-03
   215  6.0000E-01  6.137E-03  6.137E-03  1.562E-03  1.562E-03
   216  5.5000E-01  7.419E-03  7.419E-03  1.426E-03  1.426E-03
   217  5.0000E-01  9.157E-03  9.157E-03  1.289E-03  1.289E-03
   218  4.5000E-01  1.144E-02  1.144E-02  1.153E-03  1.153E-03
   219  4.0000E-01  1.351E-02  1.351E-02  2.103E-03  2.103E-03
   220  3.7500E-01  1.514E-02  1.514E-02  1.967E-03  1.967E-03
   221  3.5000E-01  1.688E-02  1.688E-02  1.831E-03  1.831E-03
   222  3.2500E-01  1.870E-02  1.870E-02  1.695E-03  1.695E-03
   223  3.0000E-01  2.056E-02  2.056E-02  1.558E-03  1.558E-03
   224  2.7500E-01  2.235E-02  2.235E-02  1.422E-03  1.422E-03
   225  2.5000E-01  2.391E-02  2.391E-02  1.286E-03  1.286E-03
   226  2.2500E-01  2.510E-02  2.510E-02  1.150E-03  1.150E-03
   227  2.0000E-01  2.566E-02  2.566E-02  1.014E-03  1.014E-03
   228  1.7500E-01  2.534E-02  2.534E-02  8.776E-04  8.776E-04
   229  1.5000E-01  2.386E-02  2.386E-02  7.416E-04  7.416E-04
   230  1.2500E-01  2.126E-02  2.126E-02  6.057E-04  6.057E-04
   231  1.0000E-01  1.871E-02  1.871E-02  1.283E-03  1.283E-03
   232  9.0000E-02  1.676E-02  1.676E-02  1.147E-03  1.147E-03
   233  8.0000E-02  1.451E-02  1.451E-02  1.012E-03  1.012E-03
   234  7.0000E-02  1.213E-02  1.213E-02  8.765E-04  8.765E-04
   235  6.0000E-02  9.666E-03  9.666E-03  7.410E-04  7.410E-04
   236  5.0000E-02  7.192E-03  7.192E-03  6.055E-04  6.055E-04
   237  4.0000E-02  4.790E-03  4.790E-03  4.696E-04  4.696E-04
   238  3.0000E-02  3.253E-03  3.253E-03  7.928E-04  7.928E-04
   239  2.5300E-02  1.345E-03  1.345E-03  1.455E-04  1.455E-04
   240  1.0000E-02  3.836E-04  3.836E-04  4.694E-04  4.694E-04
   241  7.5000E-03  2.016E-04  2.016E-04  3.329E-04  3.329E-04
   242  5.0000E-03  1.076E-04  1.076E-04  6.049E-04  6.049E-04
   243  4.0000E-03  6.566E-05  6.566E-05  4.691E-04  4.691E-04
   244  3.0000E-03  4.109E-05  4.109E-05  7.400E-04  7.400E-04
   245  2.5000E-03  2.760E-05  2.760E-05  6.045E-04  6.045E-04
   246  2.0000E-03  1.621E-05  1.621E-05  4.689E-04  4.689E-04
   247  1.5000E-03  8.335E-06  8.335E-06  6.048E-04  6.048E-04
   248  1.2000E-03  4.817E-06  4.817E-06  7.404E-04  7.404E-04
   249  1.0000E-03  2.587E-06  2.587E-06  4.695E-04  4.695E-04
   250  7.5000E-04  1.060E-06  1.060E-06  3.333E-04  3.333E-04
   251  5.0000E-04  8.964E-08  8.964E-08  8.426E-05  8.426E-05
   252  1.0000E-04  2.102E-10  2.102E-10  5.956E-05  5.956E-05


     1  2.0000E+07  0.000E+00  0.000E+00  7.474E-04  7.474E-04
     2  1.7330E+07  1.102E-07  1.102E-07  1.146E-03  1.146E-03
     3  1.5680E+07  7.413E-07  7.413E-07  1.540E-03  1.540E-03
     4  1.4550E+07  1.525E-06  1.525E-06  2.248E-03  2.248E-03
     5  1.3840E+07  2.925E-06  2.925E-06  1.477E-03  1.477E-03
     6  1.2840E+07  1.530E-05  1.530E-05  4.364E-04  4.364E-04
     7  1.0000E+07  6.080E-05  6.080E-05  5.400E-04  5.400E-04
     8  8.1870E+06  2.165E-04  2.165E-04  4.988E-04  4.988E-04
     9  6.4340E+06  5.932E-04  5.932E-04  4.227E-04  4.227E-04
    10  4.8000E+06  9.586E-04  9.586E-04  1.142E-03  1.142E-03
    11  4.3040E+06  1.221E-03  1.221E-03  3.457E-04  3.457E-04
    12  3.0000E+06  2.041E-03  2.041E-03  6.507E-04  6.507E-04
    13  2.4790E+06  2.640E-03  2.640E-03  2.396E-03  2.396E-03
    14  2.3540E+06  3.204E-03  3.204E-03  5.147E-04  5.147E-04
    15  1.8500E+06  3.744E-03  3.744E-03  5.913E-04  5.913E-04
    16  1.5000E+06  3.893E-03  3.893E-03  1.798E-03  1.798E-03
    17  1.4000E+06  3.858E-03  3.858E-03  3.884E-03  3.884E-03
    18  1.3560E+06  3.849E-03  3.849E-03  4.250E-03  4.250E-03
    19  1.3170E+06  3.815E-03  3.815E-03  2.375E-03  2.375E-03
    20  1.2500E+06  3.814E-03  3.814E-03  3.038E-03  3.038E-03
    21  1.2000E+06  3.906E-03  3.906E-03  1.425E-03  1.425E-03
    22  1.1000E+06  3.949E-03  3.949E-03  1.453E-03  1.453E-03
    23  1.0100E+06  3.907E-03  3.907E-03  1.329E-03  1.329E-03
    24  9.2000E+05  3.879E-03  3.879E-03  5.645E-03  5.645E-03
    25  9.0000E+05  3.906E-03  3.906E-03  4.404E-03  4.404E-03
    26  8.7500E+05  3.894E-03  3.894E-03  7.748E-03  7.748E-03
    27  8.6110E+05  3.901E-03  3.901E-03  2.537E-03  2.537E-03
    28  8.2000E+05  3.914E-03  3.914E-03  1.391E-03  1.391E-03
    29  7.5000E+05  3.906E-03  3.906E-03  1.248E-03  1.248E-03
    30  6.7900E+05  3.872E-03  3.872E-03  9.302E-03  9.302E-03
    31  6.7000E+05  3.772E-03  3.772E-03  1.125E-03  1.125E-03
    32  6.0000E+05  3.738E-03  3.738E-03  2.696E-03  2.696E-03
    33  5.7300E+05  3.753E-03  3.753E-03  3.030E-03  3.030E-03
    34  5.5000E+05  3.657E-03  3.657E-03  1.114E-03  1.114E-03
    35  4.9200E+05  3.651E-03  3.651E-03  2.714E-03  2.714E-03
    36  4.7000E+05  3.536E-03  3.536E-03  1.883E-03  1.883E-03
    37  4.4000E+05  3.374E-03  3.374E-03  2.670E-03  2.670E-03
    38  4.2000E+05  3.362E-03  3.362E-03  2.545E-03  2.545E-03
    39  4.0000E+05  3.239E-03  3.239E-03  6.456E-04  6.456E-04
    40  3.3000E+05  2.994E-03  2.994E-03  6.190E-04  6.190E-04
    41  2.7000E+05  2.968E-03  2.968E-03  4.140E-04  4.140E-04
    42  2.0000E+05  3.137E-03  3.137E-03  4.221E-04  4.221E-04
    43  1.4900E+05  3.152E-03  3.152E-03  8.309E-04  8.309E-04
    44  1.2830E+05  3.000E-03  3.000E-03  4.988E-04  4.988E-04
    45  1.0000E+05  2.954E-03  2.954E-03  7.651E-04  7.651E-04
    46  8.5000E+04  3.282E-03  3.282E-03  3.461E-03  3.461E-03
    47  8.2000E+04  3.260E-03  3.260E-03  1.394E-03  1.394E-03
    48  7.5000E+04  3.190E-03  3.190E-03  4.602E-03  4.602E-03
    49  7.3000E+04  3.165E-03  3.165E-03  6.343E-04  6.343E-04
    50  6.0000E+04  3.121E-03  3.121E-03  8.696E-04  8.696E-04
    51  5.2000E+04  2.943E-03  2.943E-03  3.173E-03  3.173E-03
    52  5.0000E+04  2.863E-03  2.863E-03  1.181E-03  1.181E-03
    53  4.5000E+04  3.088E-03  3.088E-03  3.071E-04  3.071E-04
    54  3.0000E+04  3.046E-03  3.046E-03  3.074E-04  3.074E-04
    55  2.0000E+04  3.043E-03  3.043E-03  7.678E-04  7.678E-04
    56  1.7000E+04  3.025E-03  3.025E-03  4.654E-04  4.654E-04
    57  1.3000E+04  3.013E-03  3.013E-03  3.985E-04  3.985E-04
    58  9.5000E+03  3.005E-03  3.005E-03  7.442E-04  7.442E-04
    59  8.0300E+03  2.996E-03  2.996E-03  3.653E-04  3.653E-04
    60  5.7000E+03  2.984E-03  2.984E-03  3.305E-04  3.305E-04
    61  3.9000E+03  2.981E-03  2.981E-03  2.999E-03  2.999E-03
    62  3.7400E+03  2.974E-03  2.974E-03  5.700E-04  5.700E-04
    63  3.0000E+03  2.966E-03  2.966E-03  6.900E-04  6.900E-04
    64  2.5000E+03  2.965E-03  2.965E-03  1.195E-03  1.195E-03
    65  2.2500E+03  2.957E-03  2.957E-03  5.606E-03  5.606E-03
    66  2.2000E+03  2.955E-03  2.955E-03  6.282E-04  6.282E-04
    67  1.8000E+03  2.951E-03  2.951E-03  8.442E-04  8.442E-04
    68  1.5500E+03  2.942E-03  2.942E-03  3.852E-03  3.852E-03
    69  1.5000E+03  2.941E-03  2.941E-03  4.760E-04  4.760E-04
    70  1.1500E+03  2.934E-03  2.934E-03  6.632E-04  6.632E-04
    71  9.5000E+02  2.922E-03  2.922E-03  3.848E-04  3.848E-04
    72  6.8300E+02  2.886E-03  2.886E-03  6.614E-03  6.614E-03
    73  6.7000E+02  2.913E-03  2.913E-03  6.454E-04  6.454E-04
    74  5.5000E+02  2.890E-03  2.890E-03  2.166E-04  2.166E-04
    75  3.0500E+02  2.858E-03  2.858E-03  1.896E-03  1.896E-03
    76  2.8500E+02  2.862E-03  2.862E-03  7.504E-04  7.504E-04
    77  2.4000E+02  2.836E-03  2.836E-03  1.486E-03  1.486E-03
    78  2.2000E+02  2.869E-03  2.869E-03  2.658E-03  2.658E-03
    79  2.0950E+02  2.851E-03  2.851E-03  1.291E-02  1.291E-02
    80  2.0740E+02  2.850E-03  2.850E-03  4.930E-03  4.930E-03
    81  2.0200E+02  2.806E-03  2.806E-03  2.828E-03  2.828E-03
    82  1.9300E+02  2.696E-03  2.696E-03  1.614E-02  1.614E-02
    83  1.9150E+02  2.872E-03  2.872E-03  8.267E-03  8.267E-03
    84  1.8850E+02  2.833E-03  2.833E-03  3.069E-02  3.069E-02
    85  1.8770E+02  2.840E-03  2.840E-03  3.116E-03  3.116E-03
    86  1.8000E+02  2.782E-03  2.782E-03  2.273E-03  2.273E-03
    87  1.7000E+02  2.835E-03  2.835E-03  7.551E-04  7.551E-04
    88  1.4300E+02  2.812E-03  2.812E-03  8.244E-04  8.244E-04
    89  1.2200E+02  2.707E-03  2.707E-03  5.136E-03  5.136E-03
    90  1.1900E+02  2.823E-03  2.823E-03  1.041E-02  1.041E-02
    91  1.1750E+02  2.804E-03  2.804E-03  1.027E-02  1.027E-02
    92  1.1600E+02  2.729E-03  2.729E-03  4.966E-03  4.966E-03
    93  1.1300E+02  2.778E-03  2.778E-03  2.900E-03  2.900E-03
    94  1.0800E+02  2.791E-03  2.791E-03  4.701E-03  4.701E-03
    95  1.0500E+02  2.789E-03  2.789E-03  3.592E-03  3.592E-03
    96  1.0120E+02  2.785E-03  2.785E-03  3.123E-03  3.123E-03
    97  9.7000E+01  2.784E-03  2.784E-03  1.765E-03  1.765E-03
    98  9.0000E+01  2.782E-03  2.782E-03  1.368E-03  1.368E-03
    99  8.1700E+01  2.782E-03  2.782E-03  6.295E-03  6.295E-03
   100  8.0000E+01  2.781E-03  2.781E-03  2.584E-03  2.584E-03
   101  7.6000E+01  2.775E-03  2.775E-03  2.456E-03  2.456E-03
   102  7.2000E+01  2.695E-03  2.695E-03  2.018E-03  2.018E-03
   103  6.7500E+01  2.756E-03  2.756E-03  3.543E-03  3.543E-03
   104  6.5000E+01  2.755E-03  2.755E-03  4.284E-03  4.284E-03
   105  6.3000E+01  2.752E-03  2.752E-03  4.152E-03  4.152E-03
   106  6.1000E+01  2.666E-03  2.666E-03  2.600E-03  2.600E-03
   107  5.8000E+01  2.731E-03  2.731E-03  1.629E-03  1.629E-03
   108  5.3400E+01  2.728E-03  2.728E-03  2.498E-03  2.498E-03
   109  5.0600E+01  2.724E-03  2.724E-03  2.892E-03  2.892E-03
   110  4.8300E+01  2.726E-03  2.726E-03  2.028E-03  2.028E-03
   111  4.5200E+01  2.725E-03  2.725E-03  5.000E-03  5.000E-03
   112  4.4000E+01  2.720E-03  2.720E-03  3.631E-03  3.631E-03
   113  4.2400E+01  2.727E-03  2.727E-03  4.004E-03  4.004E-03
   114  4.1000E+01  2.724E-03  2.724E-03  3.871E-03  3.871E-03
   115  3.9600E+01  2.724E-03  2.724E-03  1.059E-02  1.059E-02
   116  3.9100E+01  2.725E-03  2.725E-03  4.711E-03  4.711E-03
   117  3.8000E+01  2.724E-03  2.724E-03  1.375E-02  1.375E-02
   118  3.7630E+01  2.723E-03  2.723E-03  1.400E-02  1.400E-02
   119  3.7270E+01  2.724E-03  2.724E-03  3.575E-02  3.575E-02
   120  3.7130E+01  2.724E-03  2.724E-03  3.836E-02  3.836E-02
   121  3.7000E+01  2.722E-03  2.722E-03  4.913E-03  4.913E-03
   122  3.6000E+01  2.722E-03  2.722E-03  9.627E-03  9.627E-03
   123  3.5500E+01  2.722E-03  2.722E-03  9.496E-03  9.496E-03
   124  3.5000E+01  2.720E-03  2.720E-03  3.703E-03  3.703E-03
   125  3.3750E+01  2.720E-03  2.720E-03  9.011E-03  9.011E-03
   126  3.3250E+01  2.719E-03  2.719E-03  2.911E-03  2.911E-03
   127  3.1750E+01  2.718E-03  2.718E-03  8.453E-03  8.453E-03
   128  3.1250E+01  2.718E-03  2.718E-03  3.283E-03  3.283E-03
   129  3.0000E+01  2.717E-03  2.717E-03  1.545E-03  1.545E-03
   130  2.7500E+01  2.714E-03  2.714E-03  1.420E-03  1.420E-03
   131  2.5000E+01  2.587E-03  2.587E-03  1.259E-03  1.259E-03
   132  2.2500E+01  2.479E-03  2.479E-03  3.893E-03  3.893E-03
   133  2.1750E+01  2.487E-03  2.487E-03  5.199E-03  5.199E-03
   134  2.1200E+01  2.606E-03  2.606E-03  4.152E-03  4.152E-03
   135  2.0500E+01  2.607E-03  2.607E-03  5.654E-03  5.654E-03
   136  2.0000E+01  2.603E-03  2.603E-03  4.584E-03  4.584E-03
   137  1.9400E+01  2.590E-03  2.590E-03  2.944E-03  2.944E-03
   138  1.8500E+01  2.590E-03  2.590E-03  1.651E-03  1.651E-03
   139  1.7000E+01  2.582E-03  2.582E-03  2.305E-03  2.305E-03
   140  1.6000E+01  2.585E-03  2.585E-03  1.324E-03  1.324E-03
   141  1.4400E+01  2.584E-03  2.584E-03  1.268E-03  1.268E-03
   142  1.2900E+01  2.577E-03  2.577E-03  1.729E-03  1.729E-03
   143  1.1900E+01  2.581E-03  2.581E-03  4.074E-03  4.074E-03
   144  1.1500E+01  2.570E-03  2.570E-03  9.973E-04  9.973E-04
   145  1.0000E+01  2.570E-03  2.570E-03  1.474E-03  1.474E-03
   146  9.1000E+00  2.568E-03  2.568E-03  1.194E-03  1.194E-03
   147  8.1000E+00  2.566E-03  2.566E-03  1.114E-03  1.114E-03
   148  7.1500E+00  2.560E-03  2.560E-03  6.554E-03  6.554E-03
   149  7.0000E+00  2.543E-03  2.543E-03  7.728E-03  7.728E-03
   150  6.8750E+00  2.529E-03  2.529E-03  7.604E-03  7.604E-03
   151  6.7500E+00  2.545E-03  2.545E-03  3.688E-03  3.688E-03
   152  6.5000E+00  2.553E-03  2.553E-03  3.543E-03  3.543E-03
   153  6.2500E+00  2.552E-03  2.552E-03  3.404E-03  3.404E-03
   154  6.0000E+00  2.547E-03  2.547E-03  1.318E-03  1.318E-03
   155  5.4000E+00  2.520E-03  2.520E-03  1.794E-03  1.794E-03
   156  5.0000E+00  2.698E-03  2.698E-03  2.251E-03  2.251E-03
   157  4.7000E+00  2.794E-03  2.794E-03  1.019E-03  1.019E-03
   158  4.1000E+00  2.727E-03  2.727E-03  1.471E-03  1.471E-03
   159  3.7300E+00  2.523E-03  2.523E-03  2.187E-03  2.187E-03
   160  3.5000E+00  2.547E-03  2.547E-03  1.551E-03  1.551E-03
   161  3.2000E+00  2.631E-03  2.631E-03  4.378E-03  4.378E-03
   162  3.1000E+00  2.777E-03  2.777E-03  4.239E-03  4.239E-03
   163  3.0000E+00  2.887E-03  2.887E-03  1.383E-02  1.383E-02
   164  2.9700E+00  2.717E-03  2.717E-03  4.056E-03  4.056E-03
   165  2.8700E+00  2.668E-03  2.668E-03  3.915E-03  3.915E-03
   166  2.7700E+00  2.676E-03  2.676E-03  3.778E-03  3.778E-03
   167  2.6700E+00  2.682E-03  2.682E-03  3.639E-03  3.639E-03
   168  2.5700E+00  2.687E-03  2.687E-03  3.499E-03  3.499E-03
   169  2.4700E+00  2.685E-03  2.685E-03  3.741E-03  3.741E-03
   170  2.3800E+00  2.665E-03  2.665E-03  4.064E-03  4.064E-03
   171  2.3000E+00  2.664E-03  2.664E-03  3.486E-03  3.486E-03
   172  2.2100E+00  2.686E-03  2.686E-03  3.345E-03  3.345E-03
   173  2.1200E+00  2.701E-03  2.701E-03  2.385E-03  2.385E-03
   174  2.0000E+00  2.729E-03  2.729E-03  4.564E-03  4.564E-03
   175  1.9400E+00  2.724E-03  2.724E-03  3.303E-03  3.303E-03
   176  1.8600E+00  2.723E-03  2.723E-03  2.807E-03  2.807E-03
   177  1.7700E+00  2.736E-03  2.736E-03  2.659E-03  2.659E-03
   178  1.6800E+00  2.757E-03  2.757E-03  2.505E-03  2.505E-03
   179  1.5900E+00  2.786E-03  2.786E-03  2.367E-03  2.367E-03
   180  1.5000E+00  2.803E-03  2.803E-03  4.063E-03  4.063E-03
   181  1.4500E+00  2.815E-03  2.815E-03  3.921E-03  3.921E-03
   182  1.4000E+00  2.825E-03  2.825E-03  3.776E-03  3.776E-03
   183  1.3500E+00  2.839E-03  2.839E-03  3.634E-03  3.634E-03
   184  1.3000E+00  2.860E-03  2.860E-03  3.497E-03  3.497E-03
   185  1.2500E+00  2.878E-03  2.878E-03  6.788E-03  6.788E-03
   186  1.2250E+00  2.891E-03  2.891E-03  6.649E-03  6.649E-03
   187  1.2000E+00  2.905E-03  2.905E-03  6.510E-03  6.510E-03
   188  1.1750E+00  2.920E-03  2.920E-03  6.371E-03  6.371E-03
   189  1.1500E+00  2.931E-03  2.931E-03  1.568E-02  1.568E-02
   190  1.1400E+00  2.938E-03  2.938E-03  1.554E-02  1.554E-02
   191  1.1300E+00  2.945E-03  2.945E-03  1.541E-02  1.541E-02
   192  1.1200E+00  2.952E-03  2.952E-03  1.527E-02  1.527E-02
   193  1.1100E+00  2.960E-03  2.960E-03  1.513E-02  1.513E-02
   194  1.1000E+00  2.968E-03  2.968E-03  1.499E-02  1.499E-02
   195  1.0900E+00  2.976E-03  2.976E-03  1.485E-02  1.485E-02
   196  1.0800E+00  2.985E-03  2.985E-03  1.471E-02  1.471E-02
   197  1.0700E+00  2.994E-03  2.994E-03  1.457E-02  1.457E-02
   198  1.0600E+00  3.003E-03  3.003E-03  1.444E-02  1.444E-02
   199  1.0500E+00  3.013E-03  3.013E-03  1.430E-02  1.430E-02
   200  1.0400E+00  3.024E-03  3.024E-03  1.416E-02  1.416E-02
   201  1.0300E+00  3.035E-03  3.035E-03  1.402E-02  1.402E-02
   202  1.0200E+00  3.047E-03  3.047E-03  1.388E-02  1.388E-02
   203  1.0100E+00  3.060E-03  3.060E-03  1.374E-02  1.374E-02
   204  1.0000E+00  3.085E-03  3.085E-03  5.400E-03  5.400E-03
   205  9.7500E-01  3.125E-03  3.125E-03  5.262E-03  5.262E-03
   206  9.5000E-01  3.171E-03  3.171E-03  5.125E-03  5.125E-03
   207  9.2500E-01  3.224E-03  3.224E-03  4.987E-03  4.987E-03
   208  9.0000E-01  3.320E-03  3.320E-03  2.390E-03  2.390E-03
   209  8.5000E-01  3.484E-03  3.484E-03  2.252E-03  2.252E-03
   210  8.0000E-01  3.716E-03  3.716E-03  2.115E-03  2.115E-03
   211  7.5000E-01  4.053E-03  4.053E-03  1.977E-03  1.977E-03
   212  7.0000E-01  4.533E-03  4.533E-03  1.840E-03  1.840E-03
   213  6.5000E-01  5.011E-03  5.011E-03  3.476E-03  3.476E-03
   214  6.2500E-01  5.419E-03  5.419E-03  3.339E-03  3.339E-03
   215  6.0000E-01  6.185E-03  6.185E-03  1.566E-03  1.566E-03
   216  5.5000E-01  7.532E-03  7.532E-03  1.430E-03  1.430E-03
   217  5.0000E-01  9.362E-03  9.362E-03  1.293E-03  1.293E-03
   218  4.5000E-01  1.177E-02  1.177E-02  1.156E-03  1.156E-03
   219  4.0000E-01  1.396E-02  1.396E-02  2.109E-03  2.109E-03
   220  3.7500E-01  1.569E-02  1.569E-02  1.972E-03  1.972E-03
   221  3.5000E-01  1.754E-02  1.754E-02  1.836E-03  1.836E-03
   222  3.2500E-01  1.948E-02  1.948E-02  1.699E-03  1.699E-03
   223  3.0000E-01  2.146E-02  2.146E-02  1.562E-03  1.562E-03
   224  2.7500E-01  2.337E-02  2.337E-02  1.426E-03  1.426E-03
   225  2.5000E-01  2.504E-02  2.504E-02  1.289E-03  1.289E-03
   226  2.2500E-01  2.633E-02  2.633E-02  1.153E-03  1.153E-03
   227  2.0000E-01  2.696E-02  2.696E-02  1.016E-03  1.016E-03
   228  1.7500E-01  2.666E-02  2.666E-02  8.799E-04  8.799E-04
   229  1.5000E-01  2.513E-02  2.513E-02  7.435E-04  7.435E-04
   230  1.2500E-01  2.243E-02  2.243E-02  6.073E-04  6.073E-04
   231  1.0000E-01  1.975E-02  1.975E-02  1.286E-03  1.286E-03
   232  9.0000E-02  1.770E-02  1.770E-02  1.150E-03  1.150E-03
   233  8.0000E-02  1.533E-02  1.533E-02  1.014E-03  1.014E-03
   234  7.0000E-02  1.283E-02  1.283E-02  8.787E-04  8.787E-04
   235  6.0000E-02  1.023E-02  1.023E-02  7.429E-04  7.429E-04
   236  5.0000E-02  7.617E-03  7.617E-03  6.070E-04  6.070E-04
   237  4.0000E-02  5.077E-03  5.077E-03  4.708E-04  4.708E-04
   238  3.0000E-02  3.450E-03  3.450E-03  7.947E-04  7.947E-04
   239  2.5300E-02  1.427E-03  1.427E-03  1.459E-04  1.459E-04
   240  1.0000E-02  4.077E-04  4.077E-04  4.705E-04  4.705E-04
   241  7.5000E-03  2.142E-04  2.142E-04  3.337E-04  3.337E-04
   242  5.0000E-03  1.143E-04  1.143E-04  6.063E-04  6.063E-04
   243  4.0000E-03  6.977E-05  6.977E-05  4.702E-04  4.702E-04
   244  3.0000E-03  4.364E-05  4.364E-05  7.417E-04  7.417E-04
   245  2.5000E-03  2.930E-05  2.930E-05  6.059E-04  6.059E-04
   246  2.0000E-03  1.722E-05  1.722E-05  4.700E-04  4.700E-04
   247  1.5000E-03  8.868E-06  8.868E-06  6.062E-04  6.062E-04
   248  1.2000E-03  5.130E-06  5.130E-06  7.421E-04  7.421E-04
   249  1.0000E-03  2.758E-06  2.758E-06  4.706E-04  4.706E-04
   250  7.5000E-04  1.132E-06  1.132E-06  3.341E-04  3.341E-04
   251  5.0000E-04  9.635E-08  9.635E-08  8.444E-05  8.444E-05
   252  1.0000E-04  2.353E-10  2.353E-10  5.968E-05  5.968E-05


     1  2.0000E+07  0.000E+00  0.000E+00  7.473E-04  7.473E-04
     2  1.7330E+07  1.056E-07  1.056E-07  1.146E-03  1.146E-03
     3  1.5680E+07  7.110E-07  7.110E-07  1.540E-03  1.540E-03
     4  1.4550E+07  1.463E-06  1.463E-06  2.247E-03  2.247E-03
     5  1.3840E+07  2.825E-06  2.825E-06  1.477E-03  1.477E-03
     6  1.2840E+07  1.484E-05  1.484E-05  4.362E-04  4.362E-04
     7  1.0000E+07  5.897E-05  5.897E-05  5.396E-04  5.396E-04
     8  8.1870E+06  2.100E-04  2.100E-04  4.984E-04  4.984E-04
     9  6.4340E+06  5.753E-04  5.753E-04  4.221E-04  4.221E-04
    10  4.8000E+06  9.298E-04  9.298E-04  1.141E-03  1.141E-03
    11  4.3040E+06  1.185E-03  1.185E-03  3.451E-04  3.451E-04
    12  3.0000E+06  1.981E-03  1.981E-03  6.495E-04  6.495E-04
    13  2.4790E+06  2.562E-03  2.562E-03  2.392E-03  2.392E-03
    14  2.3540E+06  3.110E-03  3.110E-03  5.137E-04  5.137E-04
    15  1.8500E+06  3.635E-03  3.635E-03  5.901E-04  5.901E-04
    16  1.5000E+06  3.779E-03  3.779E-03  1.794E-03  1.794E-03
    17  1.4000E+06  3.746E-03  3.746E-03  3.876E-03  3.876E-03
    18  1.3560E+06  3.737E-03  3.737E-03  4.241E-03  4.241E-03
    19  1.3170E+06  3.704E-03  3.704E-03  2.370E-03  2.370E-03
    20  1.2500E+06  3.703E-03  3.703E-03  3.032E-03  3.032E-03
    21  1.2000E+06  3.792E-03  3.792E-03  1.423E-03  1.423E-03
    22  1.1000E+06  3.834E-03  3.834E-03  1.450E-03  1.450E-03
    23  1.0100E+06  3.793E-03  3.793E-03  1.326E-03  1.326E-03
    24  9.2000E+05  3.766E-03  3.766E-03  5.633E-03  5.633E-03
    25  9.0000E+05  3.792E-03  3.792E-03  4.395E-03  4.395E-03
    26  8.7500E+05  3.781E-03  3.781E-03  7.732E-03  7.732E-03
    27  8.6110E+05  3.787E-03  3.787E-03  2.532E-03  2.532E-03
    28  8.2000E+05  3.800E-03  3.800E-03  1.388E-03  1.388E-03
    29  7.5000E+05  3.793E-03  3.793E-03  1.245E-03  1.245E-03
    30  6.7900E+05  3.760E-03  3.760E-03  9.283E-03  9.283E-03
    31  6.7000E+05  3.663E-03  3.663E-03  1.123E-03  1.123E-03
    32  6.0000E+05  3.630E-03  3.630E-03  2.691E-03  2.691E-03
    33  5.7300E+05  3.644E-03  3.644E-03  3.024E-03  3.024E-03
    34  5.5000E+05  3.551E-03  3.551E-03  1.112E-03  1.112E-03
    35  4.9200E+05  3.545E-03  3.545E-03  2.709E-03  2.709E-03
    36  4.7000E+05  3.434E-03  3.434E-03  1.879E-03  1.879E-03
    37  4.4000E+05  3.276E-03  3.276E-03  2.664E-03  2.664E-03
    38  4.2000E+05  3.265E-03  3.265E-03  2.540E-03  2.540E-03
    39  4.0000E+05  3.145E-03  3.145E-03  6.443E-04  6.443E-04
    40  3.3000E+05  2.907E-03  2.907E-03  6.177E-04  6.177E-04
    41  2.7000E+05  2.882E-03  2.882E-03  4.131E-04  4.131E-04
    42  2.0000E+05  3.046E-03  3.046E-03  4.212E-04  4.212E-04
    43  1.4900E+05  3.061E-03  3.061E-03  8.292E-04  8.292E-04
    44  1.2830E+05  2.913E-03  2.913E-03  4.978E-04  4.978E-04
    45  1.0000E+05  2.868E-03  2.868E-03  7.635E-04  7.635E-04
    46  8.5000E+04  3.187E-03  3.187E-03  3.453E-03  3.453E-03
    47  8.2000E+04  3.165E-03  3.165E-03  1.391E-03  1.391E-03
    48  7.5000E+04  3.098E-03  3.098E-03  4.592E-03  4.592E-03
    49  7.3000E+04  3.074E-03  3.074E-03  6.330E-04  6.330E-04
    50  6.0000E+04  3.031E-03  3.031E-03  8.678E-04  8.678E-04
    51  5.2000E+04  2.858E-03  2.858E-03  3.167E-03  3.167E-03
    52  5.0000E+04  2.780E-03  2.780E-03  1.179E-03  1.179E-03
    53  4.5000E+04  2.999E-03  2.999E-03  3.064E-04  3.064E-04
    54  3.0000E+04  2.958E-03  2.958E-03  3.067E-04  3.067E-04
    55  2.0000E+04  2.955E-03  2.955E-03  7.662E-04  7.662E-04
    56  1.7000E+04  2.938E-03  2.938E-03  4.644E-04  4.644E-04
    57  1.3000E+04  2.926E-03  2.926E-03  3.976E-04  3.976E-04
    58  9.5000E+03  2.918E-03  2.918E-03  7.426E-04  7.426E-04
    59  8.0300E+03  2.909E-03  2.909E-03  3.645E-04  3.645E-04
    60  5.7000E+03  2.898E-03  2.898E-03  3.297E-04  3.297E-04
    61  3.9000E+03  2.895E-03  2.895E-03  2.992E-03  2.992E-03
    62  3.7400E+03  2.888E-03  2.888E-03  5.687E-04  5.687E-04
    63  3.0000E+03  2.881E-03  2.881E-03  6.885E-04  6.885E-04
    64  2.5000E+03  2.880E-03  2.880E-03  1.193E-03  1.193E-03
    65  2.2500E+03  2.872E-03  2.872E-03  5.593E-03  5.593E-03
    66  2.2000E+03  2.870E-03  2.870E-03  6.268E-04  6.268E-04
    67  1.8000E+03  2.867E-03  2.867E-03  8.424E-04  8.424E-04
    68  1.5500E+03  2.858E-03  2.858E-03  3.843E-03  3.843E-03
    69  1.5000E+03  2.857E-03  2.857E-03  4.749E-04  4.749E-04
    70  1.1500E+03  2.850E-03  2.850E-03  6.617E-04  6.617E-04
    71  9.5000E+02  2.839E-03  2.839E-03  3.839E-04  3.839E-04
    72  6.8300E+02  2.804E-03  2.804E-03  6.599E-03  6.599E-03
    73  6.7000E+02  2.830E-03  2.830E-03  6.439E-04  6.439E-04
    74  5.5000E+02  2.808E-03  2.808E-03  2.161E-04  2.161E-04
    75  3.0500E+02  2.776E-03  2.776E-03  1.892E-03  1.892E-03
    76  2.8500E+02  2.781E-03  2.781E-03  7.488E-04  7.488E-04
    77  2.4000E+02  2.756E-03  2.756E-03  1.482E-03  1.482E-03
    78  2.2000E+02  2.788E-03  2.788E-03  2.652E-03  2.652E-03
    79  2.0950E+02  2.771E-03  2.771E-03  1.289E-02  1.289E-02
    80  2.0740E+02  2.770E-03  2.770E-03  4.919E-03  4.919E-03
    81  2.0200E+02  2.727E-03  2.727E-03  2.822E-03  2.822E-03
    82  1.9300E+02  2.620E-03  2.620E-03  1.610E-02  1.610E-02
    83  1.9150E+02  2.790E-03  2.790E-03  8.249E-03  8.249E-03
    84  1.8850E+02  2.750E-03  2.750E-03  3.062E-02  3.062E-02
    85  1.8770E+02  2.760E-03  2.760E-03  3.109E-03  3.109E-03
    86  1.8000E+02  2.704E-03  2.704E-03  2.268E-03  2.268E-03
    87  1.7000E+02  2.755E-03  2.755E-03  7.534E-04  7.534E-04
    88  1.4300E+02  2.732E-03  2.732E-03  8.227E-04  8.227E-04
    89  1.2200E+02  2.631E-03  2.631E-03  5.126E-03  5.126E-03
    90  1.1900E+02  2.744E-03  2.744E-03  1.039E-02  1.039E-02
    91  1.1750E+02  2.725E-03  2.725E-03  1.025E-02  1.025E-02
    92  1.1600E+02  2.652E-03  2.652E-03  4.956E-03  4.956E-03
    93  1.1300E+02  2.698E-03  2.698E-03  2.893E-03  2.893E-03
    94  1.0800E+02  2.713E-03  2.713E-03  4.692E-03  4.692E-03
    95  1.0500E+02  2.710E-03  2.710E-03  3.584E-03  3.584E-03
    96  1.0120E+02  2.707E-03  2.707E-03  3.117E-03  3.117E-03
    97  9.7000E+01  2.705E-03  2.705E-03  1.762E-03  1.762E-03
    98  9.0000E+01  2.704E-03  2.704E-03  1.366E-03  1.366E-03
    99  8.1700E+01  2.704E-03  2.704E-03  6.283E-03  6.283E-03
   100  8.0000E+01  2.702E-03  2.702E-03  2.579E-03  2.579E-03
   101  7.6000E+01  2.697E-03  2.697E-03  2.451E-03  2.451E-03
   102  7.2000E+01  2.620E-03  2.620E-03  2.014E-03  2.014E-03
   103  6.7500E+01  2.679E-03  2.679E-03  3.536E-03  3.536E-03
   104  6.5000E+01  2.678E-03  2.678E-03  4.276E-03  4.276E-03
   105  6.3000E+01  2.675E-03  2.675E-03  4.144E-03  4.144E-03
   106  6.1000E+01  2.592E-03  2.592E-03  2.595E-03  2.595E-03
   107  5.8000E+01  2.654E-03  2.654E-03  1.626E-03  1.626E-03
   108  5.3400E+01  2.652E-03  2.652E-03  2.493E-03  2.493E-03
   109  5.0600E+01  2.647E-03  2.647E-03  2.886E-03  2.886E-03
   110  4.8300E+01  2.650E-03  2.650E-03  2.024E-03  2.024E-03
   111  4.5200E+01  2.649E-03  2.649E-03  4.991E-03  4.991E-03
   112  4.4000E+01  2.640E-03  2.640E-03  3.624E-03  3.624E-03
   113  4.2400E+01  2.653E-03  2.653E-03  3.997E-03  3.997E-03
   114  4.1000E+01  2.648E-03  2.648E-03  3.865E-03  3.865E-03
   115  3.9600E+01  2.647E-03  2.647E-03  1.057E-02  1.057E-02
   116  3.9100E+01  2.648E-03  2.648E-03  4.703E-03  4.703E-03
   117  3.8000E+01  2.647E-03  2.647E-03  1.372E-02  1.372E-02
   118  3.7630E+01  2.647E-03  2.647E-03  1.397E-02  1.397E-02
   119  3.7270E+01  2.648E-03  2.648E-03  3.569E-02  3.569E-02
   120  3.7130E+01  2.648E-03  2.648E-03  3.829E-02  3.829E-02
   121  3.7000E+01  2.646E-03  2.646E-03  4.905E-03  4.905E-03
   122  3.6000E+01  2.646E-03  2.646E-03  9.611E-03  9.611E-03
   123  3.5500E+01  2.646E-03  2.646E-03  9.481E-03  9.481E-03
   124  3.5000E+01  2.644E-03  2.644E-03  3.697E-03  3.697E-03
   125  3.3750E+01  2.645E-03  2.645E-03  8.997E-03  8.997E-03
   126  3.3250E+01  2.644E-03  2.644E-03  2.906E-03  2.906E-03
   127  3.1750E+01  2.641E-03  2.641E-03  8.437E-03  8.437E-03
   128  3.1250E+01  2.640E-03  2.640E-03  3.276E-03  3.276E-03
   129  3.0000E+01  2.641E-03  2.641E-03  1.542E-03  1.542E-03
   130  2.7500E+01  2.638E-03  2.638E-03  1.418E-03  1.418E-03
   131  2.5000E+01  2.516E-03  2.516E-03  1.257E-03  1.257E-03
   132  2.2500E+01  2.412E-03  2.412E-03  3.887E-03  3.887E-03
   133  2.1750E+01  2.419E-03  2.419E-03  5.192E-03  5.192E-03
   134  2.1200E+01  2.533E-03  2.533E-03  4.144E-03  4.144E-03
   135  2.0500E+01  2.535E-03  2.535E-03  5.645E-03  5.645E-03
   136  2.0000E+01  2.532E-03  2.532E-03  4.578E-03  4.578E-03
   137  1.9400E+01  2.520E-03  2.520E-03  2.939E-03  2.939E-03
   138  1.8500E+01  2.519E-03  2.519E-03  1.649E-03  1.649E-03
   139  1.7000E+01  2.512E-03  2.512E-03  2.301E-03  2.301E-03
   140  1.6000E+01  2.515E-03  2.515E-03  1.323E-03  1.323E-03
   141  1.4400E+01  2.514E-03  2.514E-03  1.266E-03  1.266E-03
   142  1.2900E+01  2.508E-03  2.508E-03  1.726E-03  1.726E-03
   143  1.1900E+01  2.512E-03  2.512E-03  4.067E-03  4.067E-03
   144  1.1500E+01  2.503E-03  2.503E-03  9.959E-04  9.959E-04
   145  1.0000E+01  2.502E-03  2.502E-03  1.472E-03  1.472E-03
   146  9.1000E+00  2.498E-03  2.498E-03  1.192E-03  1.192E-03
   147  8.1000E+00  2.497E-03  2.497E-03  1.112E-03  1.112E-03
   148  7.1500E+00  2.491E-03  2.491E-03  6.544E-03  6.544E-03
   149  7.0000E+00  2.477E-03  2.477E-03  7.717E-03  7.717E-03
   150  6.8750E+00  2.466E-03  2.466E-03  7.597E-03  7.597E-03
   151  6.7500E+00  2.479E-03  2.479E-03  3.684E-03  3.684E-03
   152  6.5000E+00  2.485E-03  2.485E-03  3.540E-03  3.540E-03
   153  6.2500E+00  2.485E-03  2.485E-03  3.402E-03  3.402E-03
   154  6.0000E+00  2.479E-03  2.479E-03  1.318E-03  1.318E-03
   155  5.4000E+00  2.433E-03  2.433E-03  1.785E-03  1.785E-03
   156  5.0000E+00  2.620E-03  2.620E-03  2.255E-03  2.255E-03
   157  4.7000E+00  2.711E-03  2.711E-03  1.021E-03  1.021E-03
   158  4.1000E+00  2.646E-03  2.646E-03  1.475E-03  1.475E-03
   159  3.7300E+00  2.449E-03  2.449E-03  2.193E-03  2.193E-03
   160  3.5000E+00  2.472E-03  2.472E-03  1.555E-03  1.555E-03
   161  3.2000E+00  2.554E-03  2.554E-03  4.391E-03  4.391E-03
   162  3.1000E+00  2.696E-03  2.696E-03  4.251E-03  4.251E-03
   163  3.0000E+00  2.803E-03  2.803E-03  1.387E-02  1.387E-02
   164  2.9700E+00  2.638E-03  2.638E-03  4.068E-03  4.068E-03
   165  2.8700E+00  2.590E-03  2.590E-03  3.926E-03  3.926E-03
   166  2.7700E+00  2.598E-03  2.598E-03  3.789E-03  3.789E-03
   167  2.6700E+00  2.604E-03  2.604E-03  3.650E-03  3.650E-03
   168  2.5700E+00  2.609E-03  2.609E-03  3.510E-03  3.510E-03
   169  2.4700E+00  2.609E-03  2.609E-03  3.752E-03  3.752E-03
   170  2.3800E+00  2.594E-03  2.594E-03  4.078E-03  4.078E-03
   171  2.3000E+00  2.593E-03  2.593E-03  3.498E-03  3.498E-03
   172  2.2100E+00  2.614E-03  2.614E-03  3.354E-03  3.354E-03
   173  2.1200E+00  2.629E-03  2.629E-03  2.392E-03  2.392E-03
   174  2.0000E+00  2.657E-03  2.657E-03  4.576E-03  4.576E-03
   175  1.9400E+00  2.655E-03  2.655E-03  3.313E-03  3.313E-03
   176  1.8600E+00  2.657E-03  2.657E-03  2.815E-03  2.815E-03
   177  1.7700E+00  2.671E-03  2.671E-03  2.666E-03  2.666E-03
   178  1.6800E+00  2.690E-03  2.690E-03  2.511E-03  2.511E-03
   179  1.5900E+00  2.718E-03  2.718E-03  2.372E-03  2.372E-03
   180  1.5000E+00  2.736E-03  2.736E-03  4.073E-03  4.073E-03
   181  1.4500E+00  2.747E-03  2.747E-03  3.930E-03  3.930E-03
   182  1.4000E+00  2.758E-03  2.758E-03  3.785E-03  3.785E-03
   183  1.3500E+00  2.771E-03  2.771E-03  3.642E-03  3.642E-03
   184  1.3000E+00  2.792E-03  2.792E-03  3.505E-03  3.505E-03
   185  1.2500E+00  2.810E-03  2.810E-03  6.804E-03  6.804E-03
   186  1.2250E+00  2.823E-03  2.823E-03  6.665E-03  6.665E-03
   187  1.2000E+00  2.837E-03  2.837E-03  6.526E-03  6.526E-03
   188  1.1750E+00  2.852E-03  2.852E-03  6.386E-03  6.386E-03
   189  1.1500E+00  2.863E-03  2.863E-03  1.572E-02  1.572E-02
   190  1.1400E+00  2.870E-03  2.870E-03  1.558E-02  1.558E-02
   191  1.1300E+00  2.877E-03  2.877E-03  1.544E-02  1.544E-02
   192  1.1200E+00  2.884E-03  2.884E-03  1.530E-02  1.530E-02
   193  1.1100E+00  2.892E-03  2.892E-03  1.516E-02  1.516E-02
   194  1.1000E+00  2.900E-03  2.900E-03  1.503E-02  1.503E-02
   195  1.0900E+00  2.908E-03  2.908E-03  1.489E-02  1.489E-02
   196  1.0800E+00  2.916E-03  2.916E-03  1.475E-02  1.475E-02
   197  1.0700E+00  2.925E-03  2.925E-03  1.461E-02  1.461E-02
   198  1.0600E+00  2.935E-03  2.935E-03  1.447E-02  1.447E-02
   199  1.0500E+00  2.945E-03  2.945E-03  1.433E-02  1.433E-02
   200  1.0400E+00  2.956E-03  2.956E-03  1.419E-02  1.419E-02
   201  1.0300E+00  2.967E-03  2.967E-03  1.405E-02  1.405E-02
   202  1.0200E+00  2.979E-03  2.979E-03  1.392E-02  1.392E-02
   203  1.0100E+00  2.992E-03  2.992E-03  1.378E-02  1.378E-02
   204  1.0000E+00  3.017E-03  3.017E-03  5.413E-03  5.413E-03
   205  9.7500E-01  3.058E-03  3.058E-03  5.275E-03  5.275E-03
   206  9.5000E-01  3.104E-03  3.104E-03  5.137E-03  5.137E-03
   207  9.2500E-01  3.158E-03  3.158E-03  4.999E-03  4.999E-03
   208  9.0000E-01  3.256E-03  3.256E-03  2.395E-03  2.395E-03
   209  8.5000E-01  3.424E-03  3.424E-03  2.257E-03  2.257E-03
   210  8.0000E-01  3.663E-03  3.663E-03  2.120E-03  2.120E-03
   211  7.5000E-01  4.010E-03  4.010E-03  1.982E-03  1.982E-03
   212  7.0000E-01  4.508E-03  4.508E-03  1.845E-03  1.845E-03
   213  6.5000E-01  5.003E-03  5.003E-03  3.484E-03  3.484E-03
   214  6.2500E-01  5.428E-03  5.428E-03  3.347E-03  3.347E-03
   215  6.0000E-01  6.226E-03  6.226E-03  1.570E-03  1.570E-03
   216  5.5000E-01  7.634E-03  7.634E-03  1.433E-03  1.433E-03
   217  5.0000E-01  9.549E-03  9.549E-03  1.296E-03  1.296E-03
   218  4.5000E-01  1.208E-02  1.208E-02  1.159E-03  1.159E-03
   219  4.0000E-01  1.438E-02  1.438E-02  2.114E-03  2.114E-03
   220  3.7500E-01  1.619E-02  1.619E-02  1.977E-03  1.977E-03
   221  3.5000E-01  1.814E-02  1.814E-02  1.840E-03  1.840E-03
   222  3.2500E-01  2.018E-02  2.018E-02  1.703E-03  1.703E-03
   223  3.0000E-01  2.228E-02  2.228E-02  1.566E-03  1.566E-03
   224  2.7500E-01  2.430E-02  2.430E-02  1.429E-03  1.429E-03
   225  2.5000E-01  2.608E-02  2.608E-02  1.293E-03  1.293E-03
   226  2.2500E-01  2.745E-02  2.745E-02  1.156E-03  1.156E-03
   227  2.0000E-01  2.814E-02  2.814E-02  1.019E-03  1.019E-03
   228  1.7500E-01  2.786E-02  2.786E-02  8.821E-04  8.821E-04
   229  1.5000E-01  2.630E-02  2.630E-02  7.454E-04  7.454E-04
   230  1.2500E-01  2.350E-02  2.350E-02  6.088E-04  6.088E-04
   231  1.0000E-01  2.071E-02  2.071E-02  1.289E-03  1.289E-03
   232  9.0000E-02  1.857E-02  1.857E-02  1.153E-03  1.153E-03
   233  8.0000E-02  1.610E-02  1.610E-02  1.017E-03  1.017E-03
   234  7.0000E-02  1.347E-02  1.347E-02  8.809E-04  8.809E-04
   235  6.0000E-02  1.075E-02  1.075E-02  7.447E-04  7.447E-04
   236  5.0000E-02  8.009E-03  8.009E-03  6.085E-04  6.085E-04
   237  4.0000E-02  5.342E-03  5.342E-03  4.719E-04  4.719E-04
   238  3.0000E-02  3.633E-03  3.633E-03  7.967E-04  7.967E-04
   239  2.5300E-02  1.504E-03  1.504E-03  1.462E-04  1.462E-04
   240  1.0000E-02  4.299E-04  4.299E-04  4.716E-04  4.716E-04
   241  7.5000E-03  2.260E-04  2.260E-04  3.345E-04  3.345E-04
   242  5.0000E-03  1.206E-04  1.206E-04  6.078E-04  6.078E-04
   243  4.0000E-03  7.358E-05  7.358E-05  4.713E-04  4.713E-04
   244  3.0000E-03  4.601E-05  4.601E-05  7.435E-04  7.435E-04
   245  2.5000E-03  3.088E-05  3.088E-05  6.074E-04  6.074E-04
   246  2.0000E-03  1.815E-05  1.815E-05  4.711E-04  4.711E-04
   247  1.5000E-03  9.363E-06  9.363E-06  6.077E-04  6.077E-04
   248  1.2000E-03  5.421E-06  5.421E-06  7.440E-04  7.440E-04
   249  1.0000E-03  2.917E-06  2.917E-06  4.717E-04  4.717E-04
   250  7.5000E-04  1.199E-06  1.199E-06  3.349E-04  3.349E-04
   251  5.0000E-04  1.026E-07  1.026E-07  8.466E-05  8.466E-05
   252  1.0000E-04  2.592E-10  2.592E-10  5.984E-05  5.984E-05

