
     1  2.0000E+07  0.000E+00  0.000E+00  7.478E-04  7.478E-04
     2  1.7330E+07  1.153E-07  1.153E-07  1.146E-03  1.146E-03
     3  1.5680E+07  7.759E-07  7.759E-07  1.541E-03  1.541E-03
     4  1.4550E+07  1.597E-06  1.597E-06  2.249E-03  2.249E-03
     5  1.3840E+07  3.056E-06  3.056E-06  1.479E-03  1.479E-03
     6  1.2840E+07  1.596E-05  1.596E-05  4.369E-04  4.369E-04
     7  1.0000E+07  6.343E-05  6.343E-05  5.407E-04  5.407E-04
     8  8.1870E+06  2.259E-04  2.259E-04  4.997E-04  4.997E-04
     9  6.4340E+06  6.189E-04  6.189E-04  4.237E-04  4.237E-04
    10  4.8000E+06  1.000E-03  1.000E-03  1.145E-03  1.145E-03
    11  4.3040E+06  1.274E-03  1.274E-03  3.466E-04  3.466E-04
    12  3.0000E+06  2.129E-03  2.129E-03  6.525E-04  6.525E-04
    13  2.4790E+06  2.754E-03  2.754E-03  2.403E-03  2.403E-03
    14  2.3540E+06  3.342E-03  3.342E-03  5.162E-04  5.162E-04
    15  1.8500E+06  3.905E-03  3.905E-03  5.931E-04  5.931E-04
    16  1.5000E+06  4.060E-03  4.060E-03  1.803E-03  1.803E-03
    17  1.4000E+06  4.024E-03  4.024E-03  3.896E-03  3.896E-03
    18  1.3560E+06  4.015E-03  4.015E-03  4.263E-03  4.263E-03
    19  1.3170E+06  3.979E-03  3.979E-03  2.383E-03  2.383E-03
    20  1.2500E+06  3.978E-03  3.978E-03  3.048E-03  3.048E-03
    21  1.2000E+06  4.073E-03  4.073E-03  1.430E-03  1.430E-03
    22  1.1000E+06  4.118E-03  4.118E-03  1.458E-03  1.458E-03
    23  1.0100E+06  4.074E-03  4.074E-03  1.333E-03  1.333E-03
    24  9.2000E+05  4.045E-03  4.045E-03  5.663E-03  5.663E-03
    25  9.0000E+05  4.073E-03  4.073E-03  4.418E-03  4.418E-03
    26  8.7500E+05  4.062E-03  4.062E-03  7.773E-03  7.773E-03
    27  8.6110E+05  4.068E-03  4.068E-03  2.545E-03  2.545E-03
    28  8.2000E+05  4.082E-03  4.082E-03  1.395E-03  1.395E-03
    29  7.5000E+05  4.074E-03  4.074E-03  1.252E-03  1.252E-03
    30  6.7900E+05  4.038E-03  4.038E-03  9.332E-03  9.332E-03
    31  6.7000E+05  3.934E-03  3.934E-03  1.128E-03  1.128E-03
    32  6.0000E+05  3.898E-03  3.898E-03  2.705E-03  2.705E-03
    33  5.7300E+05  3.914E-03  3.914E-03  3.040E-03  3.040E-03
    34  5.5000E+05  3.814E-03  3.814E-03  1.118E-03  1.118E-03
    35  4.9200E+05  3.807E-03  3.807E-03  2.723E-03  2.723E-03
    36  4.7000E+05  3.688E-03  3.688E-03  1.889E-03  1.889E-03
    37  4.4000E+05  3.519E-03  3.519E-03  2.678E-03  2.678E-03
    38  4.2000E+05  3.506E-03  3.506E-03  2.553E-03  2.553E-03
    39  4.0000E+05  3.378E-03  3.378E-03  6.477E-04  6.477E-04
    40  3.3000E+05  3.122E-03  3.122E-03  6.210E-04  6.210E-04
    41  2.7000E+05  3.095E-03  3.095E-03  4.153E-04  4.153E-04
    42  2.0000E+05  3.272E-03  3.272E-03  4.235E-04  4.235E-04
    43  1.4900E+05  3.287E-03  3.287E-03  8.336E-04  8.336E-04
    44  1.2830E+05  3.128E-03  3.128E-03  5.004E-04  5.004E-04
    45  1.0000E+05  3.080E-03  3.080E-03  7.676E-04  7.676E-04
    46  8.5000E+04  3.422E-03  3.422E-03  3.472E-03  3.472E-03
    47  8.2000E+04  3.399E-03  3.399E-03  1.398E-03  1.398E-03
    48  7.5000E+04  3.327E-03  3.327E-03  4.617E-03  4.617E-03
    49  7.3000E+04  3.301E-03  3.301E-03  6.364E-04  6.364E-04
    50  6.0000E+04  3.254E-03  3.254E-03  8.724E-04  8.724E-04
    51  5.2000E+04  3.069E-03  3.069E-03  3.184E-03  3.184E-03
    52  5.0000E+04  2.985E-03  2.985E-03  1.185E-03  1.185E-03
    53  4.5000E+04  3.220E-03  3.220E-03  3.081E-04  3.081E-04
    54  3.0000E+04  3.176E-03  3.176E-03  3.084E-04  3.084E-04
    55  2.0000E+04  3.174E-03  3.174E-03  7.703E-04  7.703E-04
    56  1.7000E+04  3.154E-03  3.154E-03  4.670E-04  4.670E-04
    57  1.3000E+04  3.141E-03  3.141E-03  3.997E-04  3.997E-04
    58  9.5000E+03  3.133E-03  3.133E-03  7.466E-04  7.466E-04
    59  8.0300E+03  3.123E-03  3.123E-03  3.665E-04  3.665E-04
    60  5.7000E+03  3.111E-03  3.111E-03  3.315E-04  3.315E-04
    61  3.9000E+03  3.108E-03  3.108E-03  3.009E-03  3.009E-03
    62  3.7400E+03  3.100E-03  3.100E-03  5.718E-04  5.718E-04
    63  3.0000E+03  3.091E-03  3.091E-03  6.922E-04  6.922E-04
    64  2.5000E+03  3.091E-03  3.091E-03  1.199E-03  1.199E-03
    65  2.2500E+03  3.082E-03  3.082E-03  5.624E-03  5.624E-03
    66  2.2000E+03  3.080E-03  3.080E-03  6.302E-04  6.302E-04
    67  1.8000E+03  3.076E-03  3.076E-03  8.470E-04  8.470E-04
    68  1.5500E+03  3.067E-03  3.067E-03  3.864E-03  3.864E-03
    69  1.5000E+03  3.066E-03  3.066E-03  4.775E-04  4.775E-04
    70  1.1500E+03  3.057E-03  3.057E-03  6.653E-04  6.653E-04
    71  9.5000E+02  3.045E-03  3.045E-03  3.860E-04  3.860E-04
    72  6.8300E+02  3.007E-03  3.007E-03  6.635E-03  6.635E-03
    73  6.7000E+02  3.036E-03  3.036E-03  6.475E-04  6.475E-04
    74  5.5000E+02  3.011E-03  3.011E-03  2.173E-04  2.173E-04
    75  3.0500E+02  2.978E-03  2.978E-03  1.902E-03  1.902E-03
    76  2.8500E+02  2.981E-03  2.981E-03  7.528E-04  7.528E-04
    77  2.4000E+02  2.955E-03  2.955E-03  1.490E-03  1.490E-03
    78  2.2000E+02  2.989E-03  2.989E-03  2.667E-03  2.667E-03
    79  2.0950E+02  2.970E-03  2.970E-03  1.295E-02  1.295E-02
    80  2.0740E+02  2.969E-03  2.969E-03  4.945E-03  4.945E-03
    81  2.0200E+02  2.922E-03  2.922E-03  2.837E-03  2.837E-03
    82  1.9300E+02  2.808E-03  2.808E-03  1.618E-02  1.618E-02
    83  1.9150E+02  2.992E-03  2.992E-03  8.293E-03  8.293E-03
    84  1.8850E+02  2.955E-03  2.955E-03  3.079E-02  3.079E-02
    85  1.8770E+02  2.959E-03  2.959E-03  3.126E-03  3.126E-03
    86  1.8000E+02  2.899E-03  2.899E-03  2.280E-03  2.280E-03
    87  1.7000E+02  2.953E-03  2.953E-03  7.574E-04  7.574E-04
    88  1.4300E+02  2.929E-03  2.929E-03  8.269E-04  8.269E-04
    89  1.2200E+02  2.819E-03  2.819E-03  5.151E-03  5.151E-03
    90  1.1900E+02  2.939E-03  2.939E-03  1.044E-02  1.044E-02
    91  1.1750E+02  2.921E-03  2.921E-03  1.030E-02  1.030E-02
    92  1.1600E+02  2.842E-03  2.842E-03  4.980E-03  4.980E-03
    93  1.1300E+02  2.895E-03  2.895E-03  2.909E-03  2.909E-03
    94  1.0800E+02  2.905E-03  2.905E-03  4.715E-03  4.715E-03
    95  1.0500E+02  2.906E-03  2.906E-03  3.602E-03  3.602E-03
    96  1.0120E+02  2.900E-03  2.900E-03  3.132E-03  3.132E-03
    97  9.7000E+01  2.899E-03  2.899E-03  1.770E-03  1.770E-03
    98  9.0000E+01  2.898E-03  2.898E-03  1.372E-03  1.372E-03
    99  8.1700E+01  2.898E-03  2.898E-03  6.313E-03  6.313E-03
   100  8.0000E+01  2.897E-03  2.897E-03  2.592E-03  2.592E-03
   101  7.6000E+01  2.889E-03  2.889E-03  2.463E-03  2.463E-03
   102  7.2000E+01  2.807E-03  2.807E-03  2.023E-03  2.023E-03
   103  6.7500E+01  2.871E-03  2.871E-03  3.552E-03  3.552E-03
   104  6.5000E+01  2.868E-03  2.868E-03  4.296E-03  4.296E-03
   105  6.3000E+01  2.866E-03  2.866E-03  4.163E-03  4.163E-03
   106  6.1000E+01  2.776E-03  2.776E-03  2.607E-03  2.607E-03
   107  5.8000E+01  2.843E-03  2.843E-03  1.634E-03  1.634E-03
   108  5.3400E+01  2.841E-03  2.841E-03  2.504E-03  2.504E-03
   109  5.0600E+01  2.837E-03  2.837E-03  2.900E-03  2.900E-03
   110  4.8300E+01  2.839E-03  2.839E-03  2.033E-03  2.033E-03
   111  4.5200E+01  2.838E-03  2.838E-03  5.012E-03  5.012E-03
   112  4.4000E+01  2.835E-03  2.835E-03  3.640E-03  3.640E-03
   113  4.2400E+01  2.838E-03  2.838E-03  4.015E-03  4.015E-03
   114  4.1000E+01  2.836E-03  2.836E-03  3.881E-03  3.881E-03
   115  3.9600E+01  2.836E-03  2.836E-03  1.061E-02  1.061E-02
   116  3.9100E+01  2.837E-03  2.837E-03  4.723E-03  4.723E-03
   117  3.8000E+01  2.836E-03  2.836E-03  1.378E-02  1.378E-02
   118  3.7630E+01  2.835E-03  2.835E-03  1.403E-02  1.403E-02
   119  3.7270E+01  2.836E-03  2.836E-03  3.583E-02  3.583E-02
   120  3.7130E+01  2.836E-03  2.836E-03  3.844E-02  3.844E-02
   121  3.7000E+01  2.834E-03  2.834E-03  4.924E-03  4.924E-03
   122  3.6000E+01  2.834E-03  2.834E-03  9.649E-03  9.649E-03
   123  3.5500E+01  2.834E-03  2.834E-03  9.517E-03  9.517E-03
   124  3.5000E+01  2.831E-03  2.831E-03  3.711E-03  3.711E-03
   125  3.3750E+01  2.832E-03  2.832E-03  9.032E-03  9.032E-03
   126  3.3250E+01  2.831E-03  2.831E-03  2.917E-03  2.917E-03
   127  3.1750E+01  2.831E-03  2.831E-03  8.475E-03  8.475E-03
   128  3.1250E+01  2.831E-03  2.831E-03  3.292E-03  3.292E-03
   129  3.0000E+01  2.828E-03  2.828E-03  1.548E-03  1.548E-03
   130  2.7500E+01  2.824E-03  2.824E-03  1.423E-03  1.423E-03
   131  2.5000E+01  2.692E-03  2.692E-03  1.261E-03  1.261E-03
   132  2.2500E+01  2.578E-03  2.578E-03  3.901E-03  3.901E-03
   133  2.1750E+01  2.588E-03  2.588E-03  5.210E-03  5.210E-03
   134  2.1200E+01  2.714E-03  2.714E-03  4.164E-03  4.164E-03
   135  2.0500E+01  2.712E-03  2.712E-03  5.667E-03  5.667E-03
   136  2.0000E+01  2.709E-03  2.709E-03  4.594E-03  4.594E-03
   137  1.9400E+01  2.693E-03  2.693E-03  2.949E-03  2.949E-03
   138  1.8500E+01  2.694E-03  2.694E-03  1.654E-03  1.654E-03
   139  1.7000E+01  2.685E-03  2.685E-03  2.309E-03  2.309E-03
   140  1.6000E+01  2.688E-03  2.688E-03  1.327E-03  1.327E-03
   141  1.4400E+01  2.686E-03  2.686E-03  1.271E-03  1.271E-03
   142  1.2900E+01  2.677E-03  2.677E-03  1.733E-03  1.733E-03
   143  1.1900E+01  2.682E-03  2.682E-03  4.083E-03  4.083E-03
   144  1.1500E+01  2.668E-03  2.668E-03  9.994E-04  9.994E-04
   145  1.0000E+01  2.669E-03  2.669E-03  1.478E-03  1.478E-03
   146  9.1000E+00  2.669E-03  2.669E-03  1.197E-03  1.197E-03
   147  8.1000E+00  2.667E-03  2.667E-03  1.116E-03  1.116E-03
   148  7.1500E+00  2.659E-03  2.659E-03  6.569E-03  6.569E-03
   149  7.0000E+00  2.638E-03  2.638E-03  7.742E-03  7.742E-03
   150  6.8750E+00  2.620E-03  2.620E-03  7.614E-03  7.614E-03
   151  6.7500E+00  2.640E-03  2.640E-03  3.694E-03  3.694E-03
   152  6.5000E+00  2.650E-03  2.650E-03  3.548E-03  3.548E-03
   153  6.2500E+00  2.649E-03  2.649E-03  3.408E-03  3.408E-03
   154  6.0000E+00  2.646E-03  2.646E-03  1.319E-03  1.319E-03
   155  5.4000E+00  2.643E-03  2.643E-03  1.805E-03  1.805E-03
   156  5.0000E+00  2.809E-03  2.809E-03  2.246E-03  2.246E-03
   157  4.7000E+00  2.911E-03  2.911E-03  1.016E-03  1.016E-03
   158  4.1000E+00  2.841E-03  2.841E-03  1.467E-03  1.467E-03
   159  3.7300E+00  2.626E-03  2.626E-03  2.180E-03  2.180E-03
   160  3.5000E+00  2.655E-03  2.655E-03  1.547E-03  1.547E-03
   161  3.2000E+00  2.740E-03  2.740E-03  4.364E-03  4.364E-03
   162  3.1000E+00  2.892E-03  2.892E-03  4.225E-03  4.225E-03
   163  3.0000E+00  3.007E-03  3.007E-03  1.378E-02  1.378E-02
   164  2.9700E+00  2.831E-03  2.831E-03  4.044E-03  4.044E-03
   165  2.8700E+00  2.781E-03  2.781E-03  3.905E-03  3.905E-03
   166  2.7700E+00  2.788E-03  2.788E-03  3.766E-03  3.766E-03
   167  2.6700E+00  2.794E-03  2.794E-03  3.627E-03  3.627E-03
   168  2.5700E+00  2.798E-03  2.798E-03  3.488E-03  3.488E-03
   169  2.4700E+00  2.793E-03  2.793E-03  3.727E-03  3.727E-03
   170  2.3800E+00  2.766E-03  2.766E-03  4.046E-03  4.046E-03
   171  2.3000E+00  2.762E-03  2.762E-03  3.471E-03  3.471E-03
   172  2.2100E+00  2.788E-03  2.788E-03  3.334E-03  3.334E-03
   173  2.1200E+00  2.803E-03  2.803E-03  2.378E-03  2.378E-03
   174  2.0000E+00  2.829E-03  2.829E-03  4.550E-03  4.550E-03
   175  1.9400E+00  2.821E-03  2.821E-03  3.293E-03  3.293E-03
   176  1.8600E+00  2.816E-03  2.816E-03  2.798E-03  2.798E-03
   177  1.7700E+00  2.831E-03  2.831E-03  2.653E-03  2.653E-03
   178  1.6800E+00  2.860E-03  2.860E-03  2.505E-03  2.505E-03
   179  1.5900E+00  2.883E-03  2.883E-03  2.361E-03  2.361E-03
   180  1.5000E+00  2.900E-03  2.900E-03  4.051E-03  4.051E-03
   181  1.4500E+00  2.913E-03  2.913E-03  3.909E-03  3.909E-03
   182  1.4000E+00  2.927E-03  2.927E-03  3.768E-03  3.768E-03
   183  1.3500E+00  2.942E-03  2.942E-03  3.627E-03  3.627E-03
   184  1.3000E+00  2.961E-03  2.961E-03  3.487E-03  3.487E-03
   185  1.2500E+00  2.977E-03  2.977E-03  6.764E-03  6.764E-03
   186  1.2250E+00  2.990E-03  2.990E-03  6.625E-03  6.625E-03
   187  1.2000E+00  3.004E-03  3.004E-03  6.485E-03  6.485E-03
   188  1.1750E+00  3.020E-03  3.020E-03  6.346E-03  6.346E-03
   189  1.1500E+00  3.031E-03  3.031E-03  1.562E-02  1.562E-02
   190  1.1400E+00  3.038E-03  3.038E-03  1.549E-02  1.549E-02
   191  1.1300E+00  3.044E-03  3.044E-03  1.535E-02  1.535E-02
   192  1.1200E+00  3.052E-03  3.052E-03  1.521E-02  1.521E-02
   193  1.1100E+00  3.059E-03  3.059E-03  1.507E-02  1.507E-02
   194  1.1000E+00  3.067E-03  3.067E-03  1.493E-02  1.493E-02
   195  1.0900E+00  3.075E-03  3.075E-03  1.479E-02  1.479E-02
   196  1.0800E+00  3.084E-03  3.084E-03  1.465E-02  1.465E-02
   197  1.0700E+00  3.093E-03  3.093E-03  1.452E-02  1.452E-02
   198  1.0600E+00  3.102E-03  3.102E-03  1.438E-02  1.438E-02
   199  1.0500E+00  3.112E-03  3.112E-03  1.424E-02  1.424E-02
   200  1.0400E+00  3.123E-03  3.123E-03  1.410E-02  1.410E-02
   201  1.0300E+00  3.134E-03  3.134E-03  1.397E-02  1.397E-02
   202  1.0200E+00  3.146E-03  3.146E-03  1.383E-02  1.383E-02
   203  1.0100E+00  3.158E-03  3.158E-03  1.369E-02  1.369E-02
   204  1.0000E+00  3.183E-03  3.183E-03  5.379E-03  5.379E-03
   205  9.7500E-01  3.222E-03  3.222E-03  5.242E-03  5.242E-03
   206  9.5000E-01  3.267E-03  3.267E-03  5.104E-03  5.104E-03
   207  9.2500E-01  3.319E-03  3.319E-03  4.967E-03  4.967E-03
   208  9.0000E-01  3.412E-03  3.412E-03  2.380E-03  2.380E-03
   209  8.5000E-01  3.571E-03  3.571E-03  2.243E-03  2.243E-03
   210  8.0000E-01  3.792E-03  3.792E-03  2.106E-03  2.106E-03
   211  7.5000E-01  4.113E-03  4.113E-03  1.970E-03  1.970E-03
   212  7.0000E-01  4.568E-03  4.568E-03  1.833E-03  1.833E-03
   213  6.5000E-01  5.018E-03  5.018E-03  3.463E-03  3.463E-03
   214  6.2500E-01  5.402E-03  5.402E-03  3.327E-03  3.327E-03
   215  6.0000E-01  6.119E-03  6.119E-03  1.560E-03  1.560E-03
   216  5.5000E-01  7.378E-03  7.378E-03  1.424E-03  1.424E-03
   217  5.0000E-01  9.083E-03  9.083E-03  1.288E-03  1.288E-03
   218  4.5000E-01  1.132E-02  1.132E-02  1.152E-03  1.152E-03
   219  4.0000E-01  1.335E-02  1.335E-02  2.101E-03  2.101E-03
   220  3.7500E-01  1.494E-02  1.494E-02  1.965E-03  1.965E-03
   221  3.5000E-01  1.665E-02  1.665E-02  1.829E-03  1.829E-03
   222  3.2500E-01  1.843E-02  1.843E-02  1.693E-03  1.693E-03
   223  3.0000E-01  2.025E-02  2.025E-02  1.557E-03  1.557E-03
   224  2.7500E-01  2.200E-02  2.200E-02  1.421E-03  1.421E-03
   225  2.5000E-01  2.352E-02  2.352E-02  1.285E-03  1.285E-03
   226  2.2500E-01  2.467E-02  2.467E-02  1.149E-03  1.149E-03
   227  2.0000E-01  2.521E-02  2.521E-02  1.013E-03  1.013E-03
   228  1.7500E-01  2.489E-02  2.489E-02  8.770E-04  8.770E-04
   229  1.5000E-01  2.342E-02  2.342E-02  7.412E-04  7.412E-04
   230  1.2500E-01  2.087E-02  2.087E-02  6.055E-04  6.055E-04
   231  1.0000E-01  1.836E-02  1.836E-02  1.282E-03  1.282E-03
   232  9.0000E-02  1.644E-02  1.644E-02  1.147E-03  1.147E-03
   233  8.0000E-02  1.423E-02  1.423E-02  1.012E-03  1.012E-03
   234  7.0000E-02  1.190E-02  1.190E-02  8.763E-04  8.763E-04
   235  6.0000E-02  9.477E-03  9.477E-03  7.409E-04  7.409E-04
   236  5.0000E-02  7.049E-03  7.049E-03  6.053E-04  6.053E-04
   237  4.0000E-02  4.693E-03  4.693E-03  4.694E-04  4.694E-04
   238  3.0000E-02  3.186E-03  3.186E-03  7.925E-04  7.925E-04
   239  2.5300E-02  1.317E-03  1.317E-03  1.454E-04  1.454E-04
   240  1.0000E-02  3.755E-04  3.755E-04  4.691E-04  4.691E-04
   241  7.5000E-03  1.973E-04  1.973E-04  3.327E-04  3.327E-04
   242  5.0000E-03  1.052E-04  1.052E-04  6.045E-04  6.045E-04
   243  4.0000E-03  6.426E-05  6.426E-05  4.688E-04  4.688E-04
   244  3.0000E-03  4.022E-05  4.022E-05  7.395E-04  7.395E-04
   245  2.5000E-03  2.702E-05  2.702E-05  6.041E-04  6.041E-04
   246  2.0000E-03  1.587E-05  1.587E-05  4.686E-04  4.686E-04
   247  1.5000E-03  8.153E-06  8.153E-06  6.043E-04  6.043E-04
   248  1.2000E-03  4.710E-06  4.710E-06  7.399E-04  7.399E-04
   249  1.0000E-03  2.529E-06  2.529E-06  4.691E-04  4.691E-04
   250  7.5000E-04  1.036E-06  1.036E-06  3.331E-04  3.331E-04
   251  5.0000E-04  8.735E-08  8.735E-08  8.418E-05  8.418E-05
   252  1.0000E-04  2.016E-10  2.016E-10  5.946E-05  5.946E-05


     1  2.0000E+07  0.000E+00  0.000E+00  7.479E-04  7.479E-04
     2  1.7330E+07  1.153E-07  1.153E-07  1.146E-03  1.146E-03
     3  1.5680E+07  7.762E-07  7.762E-07  1.541E-03  1.541E-03
     4  1.4550E+07  1.597E-06  1.597E-06  2.250E-03  2.250E-03
     5  1.3840E+07  3.057E-06  3.057E-06  1.479E-03  1.479E-03
     6  1.2840E+07  1.597E-05  1.597E-05  4.370E-04  4.370E-04
     7  1.0000E+07  6.346E-05  6.346E-05  5.408E-04  5.408E-04
     8  8.1870E+06  2.260E-04  2.260E-04  4.998E-04  4.998E-04
     9  6.4340E+06  6.191E-04  6.191E-04  4.237E-04  4.237E-04
    10  4.8000E+06  1.000E-03  1.000E-03  1.145E-03  1.145E-03
    11  4.3040E+06  1.274E-03  1.274E-03  3.466E-04  3.466E-04
    12  3.0000E+06  2.130E-03  2.130E-03  6.525E-04  6.525E-04
    13  2.4790E+06  2.755E-03  2.755E-03  2.403E-03  2.403E-03
    14  2.3540E+06  3.343E-03  3.343E-03  5.162E-04  5.162E-04
    15  1.8500E+06  3.907E-03  3.907E-03  5.931E-04  5.931E-04
    16  1.5000E+06  4.061E-03  4.061E-03  1.803E-03  1.803E-03
    17  1.4000E+06  4.026E-03  4.026E-03  3.896E-03  3.896E-03
    18  1.3560E+06  4.016E-03  4.016E-03  4.263E-03  4.263E-03
    19  1.3170E+06  3.981E-03  3.981E-03  2.383E-03  2.383E-03
    20  1.2500E+06  3.979E-03  3.979E-03  3.048E-03  3.048E-03
    21  1.2000E+06  4.075E-03  4.075E-03  1.430E-03  1.430E-03
    22  1.1000E+06  4.120E-03  4.120E-03  1.458E-03  1.458E-03
    23  1.0100E+06  4.076E-03  4.076E-03  1.333E-03  1.333E-03
    24  9.2000E+05  4.047E-03  4.047E-03  5.663E-03  5.663E-03
    25  9.0000E+05  4.075E-03  4.075E-03  4.418E-03  4.418E-03
    26  8.7500E+05  4.063E-03  4.063E-03  7.773E-03  7.773E-03
    27  8.6110E+05  4.070E-03  4.070E-03  2.545E-03  2.545E-03
    28  8.2000E+05  4.084E-03  4.084E-03  1.395E-03  1.395E-03
    29  7.5000E+05  4.075E-03  4.075E-03  1.252E-03  1.252E-03
    30  6.7900E+05  4.040E-03  4.040E-03  9.332E-03  9.332E-03
    31  6.7000E+05  3.936E-03  3.936E-03  1.129E-03  1.129E-03
    32  6.0000E+05  3.900E-03  3.900E-03  2.705E-03  2.705E-03
    33  5.7300E+05  3.916E-03  3.916E-03  3.040E-03  3.040E-03
    34  5.5000E+05  3.816E-03  3.816E-03  1.118E-03  1.118E-03
    35  4.9200E+05  3.809E-03  3.809E-03  2.723E-03  2.723E-03
    36  4.7000E+05  3.689E-03  3.689E-03  1.889E-03  1.889E-03
    37  4.4000E+05  3.520E-03  3.520E-03  2.678E-03  2.678E-03
    38  4.2000E+05  3.508E-03  3.508E-03  2.554E-03  2.554E-03
    39  4.0000E+05  3.379E-03  3.379E-03  6.477E-04  6.477E-04
    40  3.3000E+05  3.123E-03  3.123E-03  6.210E-04  6.210E-04
    41  2.7000E+05  3.096E-03  3.096E-03  4.153E-04  4.153E-04
    42  2.0000E+05  3.273E-03  3.273E-03  4.235E-04  4.235E-04
    43  1.4900E+05  3.289E-03  3.289E-03  8.336E-04  8.336E-04
    44  1.2830E+05  3.129E-03  3.129E-03  5.005E-04  5.005E-04
    45  1.0000E+05  3.081E-03  3.081E-03  7.676E-04  7.676E-04
    46  8.5000E+04  3.424E-03  3.424E-03  3.472E-03  3.472E-03
    47  8.2000E+04  3.401E-03  3.401E-03  1.398E-03  1.398E-03
    48  7.5000E+04  3.328E-03  3.328E-03  4.617E-03  4.617E-03
    49  7.3000E+04  3.302E-03  3.302E-03  6.364E-04  6.364E-04
    50  6.0000E+04  3.256E-03  3.256E-03  8.724E-04  8.724E-04
    51  5.2000E+04  3.070E-03  3.070E-03  3.184E-03  3.184E-03
    52  5.0000E+04  2.986E-03  2.986E-03  1.185E-03  1.185E-03
    53  4.5000E+04  3.222E-03  3.222E-03  3.081E-04  3.081E-04
    54  3.0000E+04  3.177E-03  3.177E-03  3.084E-04  3.084E-04
    55  2.0000E+04  3.174E-03  3.174E-03  7.703E-04  7.703E-04
    56  1.7000E+04  3.155E-03  3.155E-03  4.670E-04  4.670E-04
    57  1.3000E+04  3.143E-03  3.143E-03  3.998E-04  3.998E-04
    58  9.5000E+03  3.134E-03  3.134E-03  7.466E-04  7.466E-04
    59  8.0300E+03  3.124E-03  3.124E-03  3.665E-04  3.665E-04
    60  5.7000E+03  3.112E-03  3.112E-03  3.315E-04  3.315E-04
    61  3.9000E+03  3.109E-03  3.109E-03  3.009E-03  3.009E-03
    62  3.7400E+03  3.101E-03  3.101E-03  5.719E-04  5.719E-04
    63  3.0000E+03  3.093E-03  3.093E-03  6.923E-04  6.923E-04
    64  2.5000E+03  3.092E-03  3.092E-03  1.199E-03  1.199E-03
    65  2.2500E+03  3.084E-03  3.084E-03  5.624E-03  5.624E-03
    66  2.2000E+03  3.081E-03  3.081E-03  6.303E-04  6.303E-04
    67  1.8000E+03  3.077E-03  3.077E-03  8.470E-04  8.470E-04
    68  1.5500E+03  3.068E-03  3.068E-03  3.864E-03  3.864E-03
    69  1.5000E+03  3.067E-03  3.067E-03  4.776E-04  4.776E-04
    70  1.1500E+03  3.058E-03  3.058E-03  6.654E-04  6.654E-04
    71  9.5000E+02  3.046E-03  3.046E-03  3.860E-04  3.860E-04
    72  6.8300E+02  3.008E-03  3.008E-03  6.635E-03  6.635E-03
    73  6.7000E+02  3.037E-03  3.037E-03  6.475E-04  6.475E-04
    74  5.5000E+02  3.012E-03  3.012E-03  2.173E-04  2.173E-04
    75  3.0500E+02  2.979E-03  2.979E-03  1.902E-03  1.902E-03
    76  2.8500E+02  2.982E-03  2.982E-03  7.528E-04  7.528E-04
    77  2.4000E+02  2.956E-03  2.956E-03  1.490E-03  1.490E-03
    78  2.2000E+02  2.990E-03  2.990E-03  2.667E-03  2.667E-03
    79  2.0950E+02  2.971E-03  2.971E-03  1.296E-02  1.296E-02
    80  2.0740E+02  2.970E-03  2.970E-03  4.945E-03  4.945E-03
    81  2.0200E+02  2.923E-03  2.923E-03  2.837E-03  2.837E-03
    82  1.9300E+02  2.809E-03  2.809E-03  1.618E-02  1.618E-02
    83  1.9150E+02  2.993E-03  2.993E-03  8.293E-03  8.293E-03
    84  1.8850E+02  2.956E-03  2.956E-03  3.079E-02  3.079E-02
    85  1.8770E+02  2.960E-03  2.960E-03  3.126E-03  3.126E-03
    86  1.8000E+02  2.900E-03  2.900E-03  2.280E-03  2.280E-03
    87  1.7000E+02  2.954E-03  2.954E-03  7.574E-04  7.574E-04
    88  1.4300E+02  2.930E-03  2.930E-03  8.269E-04  8.269E-04
    89  1.2200E+02  2.820E-03  2.820E-03  5.151E-03  5.151E-03
    90  1.1900E+02  2.940E-03  2.940E-03  1.044E-02  1.044E-02
    91  1.1750E+02  2.922E-03  2.922E-03  1.030E-02  1.030E-02
    92  1.1600E+02  2.843E-03  2.843E-03  4.981E-03  4.981E-03
    93  1.1300E+02  2.896E-03  2.896E-03  2.909E-03  2.909E-03
    94  1.0800E+02  2.906E-03  2.906E-03  4.715E-03  4.715E-03
    95  1.0500E+02  2.907E-03  2.907E-03  3.602E-03  3.602E-03
    96  1.0120E+02  2.901E-03  2.901E-03  3.132E-03  3.132E-03
    97  9.7000E+01  2.900E-03  2.900E-03  1.770E-03  1.770E-03
    98  9.0000E+01  2.899E-03  2.899E-03  1.372E-03  1.372E-03
    99  8.1700E+01  2.899E-03  2.899E-03  6.313E-03  6.313E-03
   100  8.0000E+01  2.898E-03  2.898E-03  2.592E-03  2.592E-03
   101  7.6000E+01  2.890E-03  2.890E-03  2.463E-03  2.463E-03
   102  7.2000E+01  2.808E-03  2.808E-03  2.023E-03  2.023E-03
   103  6.7500E+01  2.872E-03  2.872E-03  3.553E-03  3.553E-03
   104  6.5000E+01  2.869E-03  2.869E-03  4.296E-03  4.296E-03
   105  6.3000E+01  2.867E-03  2.867E-03  4.163E-03  4.163E-03
   106  6.1000E+01  2.777E-03  2.777E-03  2.607E-03  2.607E-03
   107  5.8000E+01  2.844E-03  2.844E-03  1.634E-03  1.634E-03
   108  5.3400E+01  2.842E-03  2.842E-03  2.504E-03  2.504E-03
   109  5.0600E+01  2.838E-03  2.838E-03  2.900E-03  2.900E-03
   110  4.8300E+01  2.840E-03  2.840E-03  2.033E-03  2.033E-03
   111  4.5200E+01  2.838E-03  2.838E-03  5.012E-03  5.012E-03
   112  4.4000E+01  2.836E-03  2.836E-03  3.641E-03  3.641E-03
   113  4.2400E+01  2.839E-03  2.839E-03  4.015E-03  4.015E-03
   114  4.1000E+01  2.837E-03  2.837E-03  3.881E-03  3.881E-03
   115  3.9600E+01  2.837E-03  2.837E-03  1.061E-02  1.061E-02
   116  3.9100E+01  2.838E-03  2.838E-03  4.723E-03  4.723E-03
   117  3.8000E+01  2.837E-03  2.837E-03  1.378E-02  1.378E-02
   118  3.7630E+01  2.836E-03  2.836E-03  1.403E-02  1.403E-02
   119  3.7270E+01  2.837E-03  2.837E-03  3.583E-02  3.583E-02
   120  3.7130E+01  2.837E-03  2.837E-03  3.845E-02  3.845E-02
   121  3.7000E+01  2.835E-03  2.835E-03  4.925E-03  4.925E-03
   122  3.6000E+01  2.835E-03  2.835E-03  9.650E-03  9.650E-03
   123  3.5500E+01  2.835E-03  2.835E-03  9.518E-03  9.518E-03
   124  3.5000E+01  2.832E-03  2.832E-03  3.711E-03  3.711E-03
   125  3.3750E+01  2.833E-03  2.833E-03  9.032E-03  9.032E-03
   126  3.3250E+01  2.832E-03  2.832E-03  2.917E-03  2.917E-03
   127  3.1750E+01  2.831E-03  2.831E-03  8.476E-03  8.476E-03
   128  3.1250E+01  2.832E-03  2.832E-03  3.292E-03  3.292E-03
   129  3.0000E+01  2.829E-03  2.829E-03  1.548E-03  1.548E-03
   130  2.7500E+01  2.825E-03  2.825E-03  1.423E-03  1.423E-03
   131  2.5000E+01  2.693E-03  2.693E-03  1.261E-03  1.261E-03
   132  2.2500E+01  2.579E-03  2.579E-03  3.901E-03  3.901E-03
   133  2.1750E+01  2.589E-03  2.589E-03  5.211E-03  5.211E-03
   134  2.1200E+01  2.715E-03  2.715E-03  4.164E-03  4.164E-03
   135  2.0500E+01  2.713E-03  2.713E-03  5.667E-03  5.667E-03
   136  2.0000E+01  2.710E-03  2.710E-03  4.595E-03  4.595E-03
   137  1.9400E+01  2.694E-03  2.694E-03  2.949E-03  2.949E-03
   138  1.8500E+01  2.695E-03  2.695E-03  1.655E-03  1.655E-03
   139  1.7000E+01  2.686E-03  2.686E-03  2.310E-03  2.310E-03
   140  1.6000E+01  2.688E-03  2.688E-03  1.327E-03  1.327E-03
   141  1.4400E+01  2.686E-03  2.686E-03  1.271E-03  1.271E-03
   142  1.2900E+01  2.678E-03  2.678E-03  1.733E-03  1.733E-03
   143  1.1900E+01  2.683E-03  2.683E-03  4.083E-03  4.083E-03
   144  1.1500E+01  2.669E-03  2.669E-03  9.995E-04  9.995E-04
   145  1.0000E+01  2.670E-03  2.670E-03  1.478E-03  1.478E-03
   146  9.1000E+00  2.670E-03  2.670E-03  1.197E-03  1.197E-03
   147  8.1000E+00  2.668E-03  2.668E-03  1.116E-03  1.116E-03
   148  7.1500E+00  2.660E-03  2.660E-03  6.569E-03  6.569E-03
   149  7.0000E+00  2.639E-03  2.639E-03  7.742E-03  7.742E-03
   150  6.8750E+00  2.621E-03  2.621E-03  7.615E-03  7.615E-03
   151  6.7500E+00  2.641E-03  2.641E-03  3.694E-03  3.694E-03
   152  6.5000E+00  2.651E-03  2.651E-03  3.548E-03  3.548E-03
   153  6.2500E+00  2.650E-03  2.650E-03  3.408E-03  3.408E-03
   154  6.0000E+00  2.647E-03  2.647E-03  1.319E-03  1.319E-03
   155  5.4000E+00  2.644E-03  2.644E-03  1.805E-03  1.805E-03
   156  5.0000E+00  2.810E-03  2.810E-03  2.246E-03  2.246E-03
   157  4.7000E+00  2.912E-03  2.912E-03  1.017E-03  1.017E-03
   158  4.1000E+00  2.842E-03  2.842E-03  1.467E-03  1.467E-03
   159  3.7300E+00  2.627E-03  2.627E-03  2.180E-03  2.180E-03
   160  3.5000E+00  2.655E-03  2.655E-03  1.547E-03  1.547E-03
   161  3.2000E+00  2.741E-03  2.741E-03  4.364E-03  4.364E-03
   162  3.1000E+00  2.893E-03  2.893E-03  4.225E-03  4.225E-03
   163  3.0000E+00  3.008E-03  3.008E-03  1.378E-02  1.378E-02
   164  2.9700E+00  2.832E-03  2.832E-03  4.044E-03  4.044E-03
   165  2.8700E+00  2.782E-03  2.782E-03  3.905E-03  3.905E-03
   166  2.7700E+00  2.788E-03  2.788E-03  3.766E-03  3.766E-03
   167  2.6700E+00  2.794E-03  2.794E-03  3.627E-03  3.627E-03
   168  2.5700E+00  2.799E-03  2.799E-03  3.488E-03  3.488E-03
   169  2.4700E+00  2.794E-03  2.794E-03  3.727E-03  3.727E-03
   170  2.3800E+00  2.767E-03  2.767E-03  4.047E-03  4.047E-03
   171  2.3000E+00  2.763E-03  2.763E-03  3.471E-03  3.471E-03
   172  2.2100E+00  2.789E-03  2.789E-03  3.334E-03  3.334E-03
   173  2.1200E+00  2.804E-03  2.804E-03  2.378E-03  2.378E-03
   174  2.0000E+00  2.830E-03  2.830E-03  4.550E-03  4.550E-03
   175  1.9400E+00  2.822E-03  2.822E-03  3.293E-03  3.293E-03
   176  1.8600E+00  2.817E-03  2.817E-03  2.798E-03  2.798E-03
   177  1.7700E+00  2.832E-03  2.832E-03  2.653E-03  2.653E-03
   178  1.6800E+00  2.861E-03  2.861E-03  2.505E-03  2.505E-03
   179  1.5900E+00  2.885E-03  2.885E-03  2.361E-03  2.361E-03
   180  1.5000E+00  2.901E-03  2.901E-03  4.051E-03  4.051E-03
   181  1.4500E+00  2.914E-03  2.914E-03  3.909E-03  3.909E-03
   182  1.4000E+00  2.928E-03  2.928E-03  3.767E-03  3.767E-03
   183  1.3500E+00  2.943E-03  2.943E-03  3.626E-03  3.626E-03
   184  1.3000E+00  2.962E-03  2.962E-03  3.486E-03  3.486E-03
   185  1.2500E+00  2.979E-03  2.979E-03  6.763E-03  6.763E-03
   186  1.2250E+00  2.992E-03  2.992E-03  6.624E-03  6.624E-03
   187  1.2000E+00  3.006E-03  3.006E-03  6.485E-03  6.485E-03
   188  1.1750E+00  3.021E-03  3.021E-03  6.346E-03  6.346E-03
   189  1.1500E+00  3.032E-03  3.032E-03  1.562E-02  1.562E-02
   190  1.1400E+00  3.039E-03  3.039E-03  1.548E-02  1.548E-02
   191  1.1300E+00  3.046E-03  3.046E-03  1.535E-02  1.535E-02
   192  1.1200E+00  3.053E-03  3.053E-03  1.521E-02  1.521E-02
   193  1.1100E+00  3.060E-03  3.060E-03  1.507E-02  1.507E-02
   194  1.1000E+00  3.068E-03  3.068E-03  1.493E-02  1.493E-02
   195  1.0900E+00  3.077E-03  3.077E-03  1.479E-02  1.479E-02
   196  1.0800E+00  3.085E-03  3.085E-03  1.465E-02  1.465E-02
   197  1.0700E+00  3.094E-03  3.094E-03  1.452E-02  1.452E-02
   198  1.0600E+00  3.103E-03  3.103E-03  1.438E-02  1.438E-02
   199  1.0500E+00  3.113E-03  3.113E-03  1.424E-02  1.424E-02
   200  1.0400E+00  3.124E-03  3.124E-03  1.410E-02  1.410E-02
   201  1.0300E+00  3.135E-03  3.135E-03  1.396E-02  1.396E-02
   202  1.0200E+00  3.147E-03  3.147E-03  1.383E-02  1.383E-02
   203  1.0100E+00  3.159E-03  3.159E-03  1.369E-02  1.369E-02
   204  1.0000E+00  3.184E-03  3.184E-03  5.379E-03  5.379E-03
   205  9.7500E-01  3.224E-03  3.224E-03  5.241E-03  5.241E-03
   206  9.5000E-01  3.269E-03  3.269E-03  5.104E-03  5.104E-03
   207  9.2500E-01  3.320E-03  3.320E-03  4.967E-03  4.967E-03
   208  9.0000E-01  3.413E-03  3.413E-03  2.380E-03  2.380E-03
   209  8.5000E-01  3.572E-03  3.572E-03  2.243E-03  2.243E-03
   210  8.0000E-01  3.793E-03  3.793E-03  2.106E-03  2.106E-03
   211  7.5000E-01  4.114E-03  4.114E-03  1.969E-03  1.969E-03
   212  7.0000E-01  4.569E-03  4.569E-03  1.833E-03  1.833E-03
   213  6.5000E-01  5.019E-03  5.019E-03  3.463E-03  3.463E-03
   214  6.2500E-01  5.402E-03  5.402E-03  3.326E-03  3.326E-03
   215  6.0000E-01  6.120E-03  6.120E-03  1.560E-03  1.560E-03
   216  5.5000E-01  7.378E-03  7.378E-03  1.424E-03  1.424E-03
   217  5.0000E-01  9.082E-03  9.082E-03  1.288E-03  1.288E-03
   218  4.5000E-01  1.132E-02  1.132E-02  1.151E-03  1.151E-03
   219  4.0000E-01  1.335E-02  1.335E-02  2.101E-03  2.101E-03
   220  3.7500E-01  1.494E-02  1.494E-02  1.964E-03  1.964E-03
   221  3.5000E-01  1.664E-02  1.664E-02  1.828E-03  1.828E-03
   222  3.2500E-01  1.842E-02  1.842E-02  1.692E-03  1.692E-03
   223  3.0000E-01  2.024E-02  2.024E-02  1.556E-03  1.556E-03
   224  2.7500E-01  2.199E-02  2.199E-02  1.420E-03  1.420E-03
   225  2.5000E-01  2.350E-02  2.350E-02  1.285E-03  1.285E-03
   226  2.2500E-01  2.466E-02  2.466E-02  1.149E-03  1.149E-03
   227  2.0000E-01  2.520E-02  2.520E-02  1.013E-03  1.013E-03
   228  1.7500E-01  2.487E-02  2.487E-02  8.767E-04  8.767E-04
   229  1.5000E-01  2.340E-02  2.340E-02  7.410E-04  7.410E-04
   230  1.2500E-01  2.085E-02  2.085E-02  6.053E-04  6.053E-04
   231  1.0000E-01  1.835E-02  1.835E-02  1.282E-03  1.282E-03
   232  9.0000E-02  1.643E-02  1.643E-02  1.147E-03  1.147E-03
   233  8.0000E-02  1.422E-02  1.422E-02  1.011E-03  1.011E-03
   234  7.0000E-02  1.189E-02  1.189E-02  8.759E-04  8.759E-04
   235  6.0000E-02  9.468E-03  9.468E-03  7.405E-04  7.405E-04
   236  5.0000E-02  7.042E-03  7.042E-03  6.050E-04  6.050E-04
   237  4.0000E-02  4.688E-03  4.688E-03  4.692E-04  4.692E-04
   238  3.0000E-02  3.183E-03  3.183E-03  7.922E-04  7.922E-04
   239  2.5300E-02  1.315E-03  1.315E-03  1.454E-04  1.454E-04
   240  1.0000E-02  3.751E-04  3.751E-04  4.689E-04  4.689E-04
   241  7.5000E-03  1.971E-04  1.971E-04  3.326E-04  3.326E-04
   242  5.0000E-03  1.052E-04  1.052E-04  6.043E-04  6.043E-04
   243  4.0000E-03  6.420E-05  6.420E-05  4.686E-04  4.686E-04
   244  3.0000E-03  4.018E-05  4.018E-05  7.393E-04  7.393E-04
   245  2.5000E-03  2.699E-05  2.699E-05  6.039E-04  6.039E-04
   246  2.0000E-03  1.586E-05  1.586E-05  4.684E-04  4.684E-04
   247  1.5000E-03  8.146E-06  8.146E-06  6.042E-04  6.042E-04
   248  1.2000E-03  4.706E-06  4.706E-06  7.397E-04  7.397E-04
   249  1.0000E-03  2.526E-06  2.526E-06  4.690E-04  4.690E-04
   250  7.5000E-04  1.035E-06  1.035E-06  3.330E-04  3.330E-04
   251  5.0000E-04  8.726E-08  8.726E-08  8.416E-05  8.416E-05
   252  1.0000E-04  2.013E-10  2.013E-10  5.946E-05  5.946E-05

