
     1  2.0000E+07  0.000E+00  0.000E+00  6.555E-04  6.555E-04
     2  1.7330E+07  0.000E+00  0.000E+00  9.622E-04  9.622E-04
     3  1.5680E+07  0.000E+00  0.000E+00  1.305E-03  1.305E-03
     4  1.4550E+07  5.271E-10  5.271E-10  1.930E-03  1.930E-03
     5  1.3840E+07  2.781E-06  2.781E-06  1.266E-03  1.266E-03
     6  1.2840E+07  2.357E-05  2.357E-05  3.734E-04  3.734E-04
     7  1.0000E+07  9.376E-05  9.376E-05  4.612E-04  4.612E-04
     8  8.1870E+06  3.384E-04  3.384E-04  4.322E-04  4.322E-04
     9  6.4340E+06  9.343E-04  9.343E-04  3.646E-04  3.646E-04
    10  4.8000E+06  1.511E-03  1.511E-03  9.841E-04  9.841E-04
    11  4.3040E+06  1.922E-03  1.922E-03  2.974E-04  2.974E-04
    12  3.0000E+06  3.312E-03  3.312E-03  5.606E-04  5.606E-04
    13  2.4790E+06  4.310E-03  4.310E-03  2.063E-03  2.063E-03
    14  2.3540E+06  5.255E-03  5.255E-03  4.420E-04  4.420E-04
    15  1.8500E+06  6.136E-03  6.136E-03  5.057E-04  5.057E-04
    16  1.5000E+06  6.371E-03  6.371E-03  1.534E-03  1.534E-03
    17  1.4000E+06  6.315E-03  6.315E-03  3.311E-03  3.311E-03
    18  1.3560E+06  6.315E-03  6.315E-03  3.622E-03  3.622E-03
    19  1.3170E+06  6.274E-03  6.274E-03  2.024E-03  2.024E-03
    20  1.2500E+06  6.275E-03  6.275E-03  2.589E-03  2.589E-03
    21  1.2000E+06  6.403E-03  6.403E-03  1.214E-03  1.214E-03
    22  1.1000E+06  6.467E-03  6.467E-03  1.238E-03  1.238E-03
    23  1.0100E+06  6.407E-03  6.407E-03  1.132E-03  1.132E-03
    24  9.2000E+05  6.367E-03  6.367E-03  4.808E-03  4.808E-03
    25  9.0000E+05  6.399E-03  6.399E-03  3.752E-03  3.752E-03
    26  8.7500E+05  6.380E-03  6.380E-03  6.600E-03  6.600E-03
    27  8.6110E+05  6.386E-03  6.386E-03  2.161E-03  2.161E-03
    28  8.2000E+05  6.399E-03  6.399E-03  1.185E-03  1.185E-03
    29  7.5000E+05  6.371E-03  6.371E-03  1.063E-03  1.063E-03
    30  6.7900E+05  6.324E-03  6.324E-03  7.923E-03  7.923E-03
    31  6.7000E+05  6.222E-03  6.222E-03  9.580E-04  9.580E-04
    32  6.0000E+05  6.144E-03  6.144E-03  2.296E-03  2.296E-03
    33  5.7300E+05  6.156E-03  6.156E-03  2.581E-03  2.581E-03
    34  5.5000E+05  6.014E-03  6.014E-03  9.489E-04  9.489E-04
    35  4.9200E+05  5.994E-03  5.994E-03  2.312E-03  2.312E-03
    36  4.7000E+05  5.824E-03  5.824E-03  1.603E-03  1.603E-03
    37  4.4000E+05  5.557E-03  5.557E-03  2.273E-03  2.273E-03
    38  4.2000E+05  5.546E-03  5.546E-03  2.168E-03  2.168E-03
    39  4.0000E+05  5.347E-03  5.347E-03  5.498E-04  5.498E-04
    40  3.3000E+05  4.925E-03  4.925E-03  5.271E-04  5.271E-04
    41  2.7000E+05  4.895E-03  4.895E-03  3.525E-04  3.525E-04
    42  2.0000E+05  5.120E-03  5.120E-03  3.595E-04  3.595E-04
    43  1.4900E+05  5.162E-03  5.162E-03  7.076E-04  7.076E-04
    44  1.2830E+05  4.897E-03  4.897E-03  4.248E-04  4.248E-04
    45  1.0000E+05  4.875E-03  4.875E-03  6.515E-04  6.515E-04
    46  8.5000E+04  5.378E-03  5.378E-03  2.947E-03  2.947E-03
    47  8.2000E+04  5.309E-03  5.309E-03  1.187E-03  1.187E-03
    48  7.5000E+04  5.197E-03  5.197E-03  3.919E-03  3.919E-03
    49  7.3000E+04  5.176E-03  5.176E-03  5.402E-04  5.402E-04
    50  6.0000E+04  5.122E-03  5.122E-03  7.405E-04  7.405E-04
    51  5.2000E+04  4.817E-03  4.817E-03  2.702E-03  2.702E-03
    52  5.0000E+04  4.628E-03  4.628E-03  1.006E-03  1.006E-03
    53  4.5000E+04  5.067E-03  5.067E-03  2.616E-04  2.616E-04
    54  3.0000E+04  5.008E-03  5.008E-03  2.619E-04  2.619E-04
    55  2.0000E+04  5.024E-03  5.024E-03  6.546E-04  6.546E-04
    56  1.7000E+04  4.963E-03  4.963E-03  3.969E-04  3.969E-04
    57  1.3000E+04  4.940E-03  4.940E-03  3.399E-04  3.399E-04
    58  9.5000E+03  4.921E-03  4.921E-03  6.350E-04  6.350E-04
    59  8.0300E+03  4.905E-03  4.905E-03  3.119E-04  3.119E-04
    60  5.7000E+03  4.877E-03  4.877E-03  2.823E-04  2.823E-04
    61  3.9000E+03  4.872E-03  4.872E-03  2.562E-03  2.562E-03
    62  3.7400E+03  4.849E-03  4.849E-03  4.871E-04  4.871E-04
    63  3.0000E+03  4.836E-03  4.836E-03  5.902E-04  5.902E-04
    64  2.5000E+03  4.810E-03  4.810E-03  1.022E-03  1.022E-03
    65  2.2500E+03  4.830E-03  4.830E-03  4.799E-03  4.799E-03
    66  2.2000E+03  4.806E-03  4.806E-03  5.378E-04  5.378E-04
    67  1.8000E+03  4.787E-03  4.787E-03  7.228E-04  7.228E-04
    68  1.5500E+03  4.780E-03  4.780E-03  3.302E-03  3.302E-03
    69  1.5000E+03  4.763E-03  4.763E-03  4.080E-04  4.080E-04
    70  1.1500E+03  4.726E-03  4.726E-03  5.691E-04  5.691E-04
    71  9.5000E+02  4.701E-03  4.701E-03  3.308E-04  3.308E-04
    72  6.8300E+02  4.681E-03  4.681E-03  5.724E-03  5.724E-03
    73  6.7000E+02  4.653E-03  4.653E-03  5.561E-04  5.561E-04
    74  5.5000E+02  4.599E-03  4.599E-03  1.872E-04  1.872E-04
    75  3.0500E+02  4.533E-03  4.533E-03  1.636E-03  1.636E-03
    76  2.8500E+02  4.519E-03  4.519E-03  6.502E-04  6.502E-04
    77  2.4000E+02  4.465E-03  4.465E-03  1.285E-03  1.285E-03
    78  2.2000E+02  4.474E-03  4.474E-03  2.308E-03  2.308E-03
    79  2.0950E+02  3.718E-03  3.718E-03  1.042E-02  1.042E-02
    80  2.0740E+02  4.660E-03  4.660E-03  4.292E-03  4.292E-03
    81  2.0200E+02  4.443E-03  4.443E-03  2.487E-03  2.487E-03
    82  1.9300E+02  4.317E-03  4.317E-03  1.447E-02  1.447E-02
    83  1.9150E+02  3.574E-03  3.574E-03  6.910E-03  6.910E-03
    84  1.8850E+02  5.510E-03  5.510E-03  2.638E-02  2.638E-02
    85  1.8770E+02  4.634E-03  4.634E-03  2.714E-03  2.714E-03
    86  1.8000E+02  4.427E-03  4.427E-03  1.993E-03  1.993E-03
    87  1.7000E+02  4.392E-03  4.392E-03  6.565E-04  6.565E-04
    88  1.4300E+02  4.389E-03  4.389E-03  7.206E-04  7.206E-04
    89  1.2200E+02  4.368E-03  4.368E-03  4.618E-03  4.618E-03
    90  1.1900E+02  4.259E-03  4.259E-03  8.976E-03  8.976E-03
    91  1.1750E+02  3.561E-03  3.561E-03  7.942E-03  7.942E-03
    92  1.1600E+02  4.497E-03  4.497E-03  4.414E-03  4.414E-03
    93  1.1300E+02  4.335E-03  4.335E-03  2.555E-03  2.555E-03
    94  1.0800E+02  4.307E-03  4.307E-03  4.109E-03  4.109E-03
    95  1.0500E+02  3.943E-03  3.943E-03  3.000E-03  3.000E-03
    96  1.0120E+02  4.410E-03  4.410E-03  2.757E-03  2.757E-03
    97  9.7000E+01  4.263E-03  4.263E-03  1.561E-03  1.561E-03
    98  9.0000E+01  4.241E-03  4.241E-03  1.210E-03  1.210E-03
    99  8.1700E+01  3.997E-03  3.997E-03  5.305E-03  5.305E-03
   100  8.0000E+01  4.219E-03  4.219E-03  2.305E-03  2.305E-03
   101  7.6000E+01  4.205E-03  4.205E-03  2.194E-03  2.194E-03
   102  7.2000E+01  4.196E-03  4.196E-03  1.840E-03  1.840E-03
   103  6.7500E+01  3.744E-03  3.744E-03  2.888E-03  2.888E-03
   104  6.5000E+01  4.185E-03  4.185E-03  3.835E-03  3.835E-03
   105  6.3000E+01  4.127E-03  4.127E-03  3.731E-03  3.731E-03
   106  6.1000E+01  4.107E-03  4.107E-03  2.389E-03  2.389E-03
   107  5.8000E+01  4.076E-03  4.076E-03  1.461E-03  1.461E-03
   108  5.3400E+01  4.059E-03  4.059E-03  2.238E-03  2.238E-03
   109  5.0600E+01  4.047E-03  4.047E-03  2.564E-03  2.564E-03
   110  4.8300E+01  4.056E-03  4.056E-03  1.811E-03  1.811E-03
   111  4.5200E+01  4.050E-03  4.050E-03  4.491E-03  4.491E-03
   112  4.4000E+01  4.047E-03  4.047E-03  3.266E-03  3.266E-03
   113  4.2400E+01  4.027E-03  4.027E-03  3.616E-03  3.616E-03
   114  4.1000E+01  4.027E-03  4.027E-03  3.508E-03  3.508E-03
   115  3.9600E+01  3.964E-03  3.964E-03  9.592E-03  9.592E-03
   116  3.9100E+01  3.982E-03  3.982E-03  4.265E-03  4.265E-03
   117  3.8000E+01  3.901E-03  3.901E-03  1.232E-02  1.232E-02
   118  3.7630E+01  3.735E-03  3.735E-03  1.223E-02  1.223E-02
   119  3.7270E+01  3.377E-03  3.377E-03  2.955E-02  2.955E-02
   120  3.7130E+01  2.985E-03  2.985E-03  2.973E-02  2.973E-02
   121  3.7000E+01  3.097E-03  3.097E-03  3.682E-03  3.682E-03
   122  3.6000E+01  4.159E-03  4.159E-03  8.757E-03  8.757E-03
   123  3.5500E+01  3.778E-03  3.778E-03  8.860E-03  8.860E-03
   124  3.5000E+01  3.820E-03  3.820E-03  3.458E-03  3.458E-03
   125  3.3750E+01  3.811E-03  3.811E-03  8.420E-03  8.420E-03
   126  3.3250E+01  3.831E-03  3.831E-03  2.739E-03  2.739E-03
   127  3.1750E+01  3.834E-03  3.834E-03  7.978E-03  7.978E-03
   128  3.1250E+01  3.812E-03  3.812E-03  3.104E-03  3.104E-03
   129  3.0000E+01  3.790E-03  3.790E-03  1.444E-03  1.444E-03
   130  2.7500E+01  3.768E-03  3.768E-03  1.329E-03  1.329E-03
   131  2.5000E+01  3.750E-03  3.750E-03  1.217E-03  1.217E-03
   132  2.2500E+01  3.728E-03  3.728E-03  3.802E-03  3.802E-03
   133  2.1750E+01  3.527E-03  3.527E-03  4.861E-03  4.861E-03
   134  2.1200E+01  2.657E-03  2.657E-03  2.993E-03  2.993E-03
   135  2.0500E+01  3.548E-03  3.548E-03  5.273E-03  5.273E-03
   136  2.0000E+01  3.512E-03  3.512E-03  4.421E-03  4.421E-03
   137  1.9400E+01  3.472E-03  3.472E-03  2.853E-03  2.853E-03
   138  1.8500E+01  3.494E-03  3.494E-03  1.608E-03  1.608E-03
   139  1.7000E+01  3.451E-03  3.451E-03  2.241E-03  2.241E-03
   140  1.6000E+01  3.428E-03  3.428E-03  1.291E-03  1.291E-03
   141  1.4400E+01  3.439E-03  3.439E-03  1.241E-03  1.241E-03
   142  1.2900E+01  3.380E-03  3.380E-03  1.684E-03  1.684E-03
   143  1.1900E+01  3.355E-03  3.355E-03  3.946E-03  3.946E-03
   144  1.1500E+01  3.394E-03  3.394E-03  9.806E-04  9.806E-04
   145  1.0000E+01  3.368E-03  3.368E-03  1.451E-03  1.451E-03
   146  9.1000E+00  3.296E-03  3.296E-03  1.171E-03  1.171E-03
   147  8.1000E+00  3.308E-03  3.308E-03  1.125E-03  1.125E-03
   148  7.1500E+00  3.170E-03  3.170E-03  6.605E-03  6.605E-03
   149  7.0000E+00  2.995E-03  2.995E-03  7.438E-03  7.438E-03
   150  6.8750E+00  2.401E-03  2.401E-03  6.112E-03  6.112E-03
   151  6.7500E+00  2.209E-03  2.209E-03  2.935E-03  2.935E-03
   152  6.5000E+00  2.766E-03  2.766E-03  3.674E-03  3.674E-03
   153  6.2500E+00  2.929E-03  2.929E-03  3.803E-03  3.803E-03
   154  6.0000E+00  2.906E-03  2.906E-03  1.496E-03  1.496E-03
   155  5.4000E+00  2.843E-03  2.843E-03  2.060E-03  2.060E-03
   156  5.0000E+00  2.969E-03  2.969E-03  2.557E-03  2.557E-03
   157  4.7000E+00  3.135E-03  3.135E-03  1.166E-03  1.166E-03
   158  4.1000E+00  3.055E-03  3.055E-03  1.687E-03  1.687E-03
   159  3.7300E+00  2.811E-03  2.811E-03  2.506E-03  2.506E-03
   160  3.5000E+00  2.849E-03  2.849E-03  1.784E-03  1.784E-03
   161  3.2000E+00  2.923E-03  2.923E-03  5.037E-03  5.037E-03
   162  3.1000E+00  3.074E-03  3.074E-03  4.880E-03  4.880E-03
   163  3.0000E+00  3.195E-03  3.195E-03  1.592E-02  1.592E-02
   164  2.9700E+00  3.021E-03  3.021E-03  4.673E-03  4.673E-03
   165  2.8700E+00  2.972E-03  2.972E-03  4.513E-03  4.513E-03
   166  2.7700E+00  2.979E-03  2.979E-03  4.353E-03  4.353E-03
   167  2.6700E+00  2.985E-03  2.985E-03  4.194E-03  4.194E-03
   168  2.5700E+00  2.992E-03  2.992E-03  4.035E-03  4.035E-03
   169  2.4700E+00  2.999E-03  2.999E-03  4.316E-03  4.316E-03
   170  2.3800E+00  3.005E-03  3.005E-03  4.686E-03  4.686E-03
   171  2.3000E+00  3.012E-03  3.012E-03  4.015E-03  4.015E-03
   172  2.2100E+00  3.019E-03  3.019E-03  3.854E-03  3.854E-03
   173  2.1200E+00  3.027E-03  3.027E-03  2.746E-03  2.746E-03
   174  2.0000E+00  3.074E-03  3.074E-03  5.261E-03  5.261E-03
   175  1.9400E+00  3.090E-03  3.090E-03  3.811E-03  3.811E-03
   176  1.8600E+00  3.115E-03  3.115E-03  3.238E-03  3.238E-03
   177  1.7700E+00  3.143E-03  3.143E-03  3.078E-03  3.078E-03
   178  1.6800E+00  3.168E-03  3.168E-03  2.918E-03  2.918E-03
   179  1.5900E+00  3.191E-03  3.191E-03  2.758E-03  2.758E-03
   180  1.5000E+00  3.207E-03  3.207E-03  4.742E-03  4.742E-03
   181  1.4500E+00  3.219E-03  3.219E-03  4.582E-03  4.582E-03
   182  1.4000E+00  3.230E-03  3.230E-03  4.421E-03  4.421E-03
   183  1.3500E+00  3.242E-03  3.242E-03  4.261E-03  4.261E-03
   184  1.3000E+00  3.254E-03  3.254E-03  4.100E-03  4.100E-03
   185  1.2500E+00  3.262E-03  3.262E-03  7.961E-03  7.961E-03
   186  1.2250E+00  3.265E-03  3.265E-03  7.801E-03  7.801E-03
   187  1.2000E+00  3.268E-03  3.268E-03  7.642E-03  7.642E-03
   188  1.1750E+00  3.272E-03  3.272E-03  7.484E-03  7.484E-03
   189  1.1500E+00  3.277E-03  3.277E-03  1.843E-02  1.843E-02
   190  1.1400E+00  3.280E-03  3.280E-03  1.827E-02  1.827E-02
   191  1.1300E+00  3.284E-03  3.284E-03  1.812E-02  1.812E-02
   192  1.1200E+00  3.289E-03  3.289E-03  1.796E-02  1.796E-02
   193  1.1100E+00  3.295E-03  3.295E-03  1.780E-02  1.780E-02
   194  1.1000E+00  3.301E-03  3.301E-03  1.764E-02  1.764E-02
   195  1.0900E+00  3.308E-03  3.308E-03  1.748E-02  1.748E-02
   196  1.0800E+00  3.315E-03  3.315E-03  1.732E-02  1.732E-02
   197  1.0700E+00  3.322E-03  3.322E-03  1.716E-02  1.716E-02
   198  1.0600E+00  3.330E-03  3.330E-03  1.700E-02  1.700E-02
   199  1.0500E+00  3.338E-03  3.338E-03  1.684E-02  1.684E-02
   200  1.0400E+00  3.346E-03  3.346E-03  1.668E-02  1.668E-02
   201  1.0300E+00  3.355E-03  3.355E-03  1.652E-02  1.652E-02
   202  1.0200E+00  3.364E-03  3.364E-03  1.636E-02  1.636E-02
   203  1.0100E+00  3.373E-03  3.373E-03  1.620E-02  1.620E-02
   204  1.0000E+00  3.390E-03  3.390E-03  6.366E-03  6.366E-03
   205  9.7500E-01  3.416E-03  3.416E-03  6.205E-03  6.205E-03
   206  9.5000E-01  3.443E-03  3.443E-03  6.044E-03  6.044E-03
   207  9.2500E-01  3.472E-03  3.472E-03  5.883E-03  5.883E-03
   208  9.0000E-01  3.521E-03  3.521E-03  2.820E-03  2.820E-03
   209  8.5000E-01  3.595E-03  3.595E-03  2.659E-03  2.659E-03
   210  8.0000E-01  3.692E-03  3.692E-03  2.498E-03  2.498E-03
   211  7.5000E-01  3.824E-03  3.824E-03  2.337E-03  2.337E-03
   212  7.0000E-01  3.996E-03  3.996E-03  2.176E-03  2.176E-03
   213  6.5000E-01  4.155E-03  4.155E-03  4.111E-03  4.111E-03
   214  6.2500E-01  4.288E-03  4.288E-03  3.950E-03  3.950E-03
   215  6.0000E-01  4.526E-03  4.526E-03  1.854E-03  1.854E-03
   216  5.5000E-01  4.928E-03  4.928E-03  1.692E-03  1.692E-03
   217  5.0000E-01  5.455E-03  5.455E-03  1.531E-03  1.531E-03
   218  4.5000E-01  6.120E-03  6.120E-03  1.370E-03  1.370E-03
   219  4.0000E-01  6.706E-03  6.706E-03  2.500E-03  2.500E-03
   220  3.7500E-01  7.154E-03  7.154E-03  2.339E-03  2.339E-03
   221  3.5000E-01  7.626E-03  7.626E-03  2.177E-03  2.177E-03
   222  3.2500E-01  8.108E-03  8.108E-03  2.016E-03  2.016E-03
   223  3.0000E-01  8.601E-03  8.601E-03  1.854E-03  1.854E-03
   224  2.7500E-01  9.076E-03  9.076E-03  1.692E-03  1.692E-03
   225  2.5000E-01  9.473E-03  9.473E-03  1.531E-03  1.531E-03
   226  2.2500E-01  9.740E-03  9.740E-03  1.370E-03  1.370E-03
   227  2.0000E-01  9.783E-03  9.783E-03  1.209E-03  1.209E-03
   228  1.7500E-01  9.500E-03  9.500E-03  1.048E-03  1.048E-03
   229  1.5000E-01  8.786E-03  8.786E-03  8.867E-04  8.867E-04
   230  1.2500E-01  7.693E-03  7.693E-03  7.253E-04  7.253E-04
   231  1.0000E-01  6.674E-03  6.674E-03  1.537E-03  1.537E-03
   232  9.0000E-02  5.917E-03  5.917E-03  1.376E-03  1.376E-03
   233  8.0000E-02  5.065E-03  5.065E-03  1.214E-03  1.214E-03
   234  7.0000E-02  4.178E-03  4.178E-03  1.053E-03  1.053E-03
   235  6.0000E-02  3.279E-03  3.279E-03  8.907E-04  8.907E-04
   236  5.0000E-02  2.395E-03  2.395E-03  7.283E-04  7.283E-04
   237  4.0000E-02  1.557E-03  1.557E-03  5.652E-04  5.652E-04
   238  3.0000E-02  1.036E-03  1.036E-03  9.547E-04  9.547E-04
   239  2.5300E-02  4.117E-04  4.117E-04  1.752E-04  1.752E-04
   240  1.0000E-02  1.119E-04  1.119E-04  5.650E-04  5.650E-04
   241  7.5000E-03  5.802E-05  5.802E-05  4.007E-04  4.007E-04
   242  5.0000E-03  3.054E-05  3.054E-05  7.279E-04  7.279E-04
   243  4.0000E-03  1.865E-05  1.865E-05  5.644E-04  5.644E-04
   244  3.0000E-03  1.176E-05  1.176E-05  8.902E-04  8.902E-04
   245  2.5000E-03  7.993E-06  7.993E-06  7.271E-04  7.271E-04
   246  2.0000E-03  4.622E-06  4.622E-06  5.640E-04  5.640E-04
   247  1.5000E-03  2.278E-06  2.278E-06  7.275E-04  7.275E-04
   248  1.2000E-03  1.320E-06  1.320E-06  8.904E-04  8.904E-04
   249  1.0000E-03  6.936E-07  6.936E-07  5.643E-04  5.643E-04
   250  7.5000E-04  2.878E-07  2.878E-07  4.004E-04  4.004E-04
   251  5.0000E-04  2.448E-08  2.448E-08  1.010E-04  1.010E-04
   252  1.0000E-04  5.312E-11  5.312E-11  7.121E-05  7.121E-05


     1  2.0000E+07  0.000E+00  0.000E+00  6.599E-04  6.599E-04
     2  1.7330E+07  1.233E-11  1.233E-11  9.805E-04  9.805E-04
     3  1.5680E+07  3.547E-11  3.547E-11  1.322E-03  1.322E-03
     4  1.4550E+07  1.711E-08  1.711E-08  1.934E-03  1.934E-03
     5  1.3840E+07  2.859E-06  2.859E-06  1.269E-03  1.269E-03
     6  1.2840E+07  2.383E-05  2.383E-05  3.742E-04  3.742E-04
     7  1.0000E+07  9.460E-05  9.460E-05  4.621E-04  4.621E-04
     8  8.1870E+06  3.409E-04  3.409E-04  4.329E-04  4.329E-04
     9  6.4340E+06  9.403E-04  9.403E-04  3.651E-04  3.651E-04
    10  4.8000E+06  1.520E-03  1.520E-03  9.854E-04  9.854E-04
    11  4.3040E+06  1.932E-03  1.932E-03  2.978E-04  2.978E-04
    12  3.0000E+06  3.328E-03  3.328E-03  5.612E-04  5.612E-04
    13  2.4790E+06  4.331E-03  4.331E-03  2.065E-03  2.065E-03
    14  2.3540E+06  5.280E-03  5.280E-03  4.424E-04  4.424E-04
    15  1.8500E+06  6.163E-03  6.163E-03  5.062E-04  5.062E-04
    16  1.5000E+06  6.399E-03  6.399E-03  1.535E-03  1.535E-03
    17  1.4000E+06  6.343E-03  6.343E-03  3.314E-03  3.314E-03
    18  1.3560E+06  6.343E-03  6.343E-03  3.625E-03  3.625E-03
    19  1.3170E+06  6.301E-03  6.301E-03  2.026E-03  2.026E-03
    20  1.2500E+06  6.302E-03  6.302E-03  2.591E-03  2.591E-03
    21  1.2000E+06  6.430E-03  6.430E-03  1.215E-03  1.215E-03
    22  1.1000E+06  6.494E-03  6.494E-03  1.239E-03  1.239E-03
    23  1.0100E+06  6.435E-03  6.435E-03  1.133E-03  1.133E-03
    24  9.2000E+05  6.394E-03  6.394E-03  4.812E-03  4.812E-03
    25  9.0000E+05  6.425E-03  6.425E-03  3.754E-03  3.754E-03
    26  8.7500E+05  6.407E-03  6.407E-03  6.605E-03  6.605E-03
    27  8.6110E+05  6.413E-03  6.413E-03  2.163E-03  2.163E-03
    28  8.2000E+05  6.426E-03  6.426E-03  1.185E-03  1.185E-03
    29  7.5000E+05  6.397E-03  6.397E-03  1.064E-03  1.064E-03
    30  6.7900E+05  6.350E-03  6.350E-03  7.929E-03  7.929E-03
    31  6.7000E+05  6.248E-03  6.248E-03  9.587E-04  9.587E-04
    32  6.0000E+05  6.169E-03  6.169E-03  2.298E-03  2.298E-03
    33  5.7300E+05  6.181E-03  6.181E-03  2.583E-03  2.583E-03
    34  5.5000E+05  6.038E-03  6.038E-03  9.495E-04  9.495E-04
    35  4.9200E+05  6.018E-03  6.018E-03  2.313E-03  2.313E-03
    36  4.7000E+05  5.848E-03  5.848E-03  1.604E-03  1.604E-03
    37  4.4000E+05  5.580E-03  5.580E-03  2.275E-03  2.275E-03
    38  4.2000E+05  5.569E-03  5.569E-03  2.169E-03  2.169E-03
    39  4.0000E+05  5.369E-03  5.369E-03  5.502E-04  5.502E-04
    40  3.3000E+05  4.944E-03  4.944E-03  5.275E-04  5.275E-04
    41  2.7000E+05  4.915E-03  4.915E-03  3.528E-04  3.528E-04
    42  2.0000E+05  5.141E-03  5.141E-03  3.597E-04  3.597E-04
    43  1.4900E+05  5.182E-03  5.182E-03  7.081E-04  7.081E-04
    44  1.2830E+05  4.916E-03  4.916E-03  4.251E-04  4.251E-04
    45  1.0000E+05  4.895E-03  4.895E-03  6.520E-04  6.520E-04
    46  8.5000E+04  5.399E-03  5.399E-03  2.949E-03  2.949E-03
    47  8.2000E+04  5.330E-03  5.330E-03  1.188E-03  1.188E-03
    48  7.5000E+04  5.218E-03  5.218E-03  3.921E-03  3.921E-03
    49  7.3000E+04  5.196E-03  5.196E-03  5.405E-04  5.405E-04
    50  6.0000E+04  5.142E-03  5.142E-03  7.410E-04  7.410E-04
    51  5.2000E+04  4.836E-03  4.836E-03  2.704E-03  2.704E-03
    52  5.0000E+04  4.646E-03  4.646E-03  1.007E-03  1.007E-03
    53  4.5000E+04  5.087E-03  5.087E-03  2.617E-04  2.617E-04
    54  3.0000E+04  5.028E-03  5.028E-03  2.621E-04  2.621E-04
    55  2.0000E+04  5.007E-03  5.007E-03  6.550E-04  6.550E-04
    56  1.7000E+04  4.983E-03  4.983E-03  3.971E-04  3.971E-04
    57  1.3000E+04  4.960E-03  4.960E-03  3.401E-04  3.401E-04
    58  9.5000E+03  4.941E-03  4.941E-03  6.354E-04  6.354E-04
    59  8.0300E+03  4.924E-03  4.924E-03  3.121E-04  3.121E-04
    60  5.7000E+03  4.895E-03  4.895E-03  2.824E-04  2.824E-04
    61  3.9000E+03  4.891E-03  4.891E-03  2.564E-03  2.564E-03
    62  3.7400E+03  4.868E-03  4.868E-03  4.873E-04  4.873E-04
    63  3.0000E+03  4.856E-03  4.856E-03  5.905E-04  5.905E-04
    64  2.5000E+03  4.829E-03  4.829E-03  1.023E-03  1.023E-03
    65  2.2500E+03  4.849E-03  4.849E-03  4.802E-03  4.802E-03
    66  2.2000E+03  4.826E-03  4.826E-03  5.381E-04  5.381E-04
    67  1.8000E+03  4.806E-03  4.806E-03  7.232E-04  7.232E-04
    68  1.5500E+03  4.798E-03  4.798E-03  3.303E-03  3.303E-03
    69  1.5000E+03  4.781E-03  4.781E-03  4.082E-04  4.082E-04
    70  1.1500E+03  4.745E-03  4.745E-03  5.693E-04  5.693E-04
    71  9.5000E+02  4.718E-03  4.718E-03  3.309E-04  3.309E-04
    72  6.8300E+02  4.700E-03  4.700E-03  5.727E-03  5.727E-03
    73  6.7000E+02  4.671E-03  4.671E-03  5.564E-04  5.564E-04
    74  5.5000E+02  4.614E-03  4.614E-03  1.872E-04  1.872E-04
    75  3.0500E+02  4.551E-03  4.551E-03  1.637E-03  1.637E-03
    76  2.8500E+02  4.537E-03  4.537E-03  6.504E-04  6.504E-04
    77  2.4000E+02  4.483E-03  4.483E-03  1.285E-03  1.285E-03
    78  2.2000E+02  4.492E-03  4.492E-03  2.308E-03  2.308E-03
    79  2.0950E+02  3.734E-03  3.734E-03  1.042E-02  1.042E-02
    80  2.0740E+02  4.679E-03  4.679E-03  4.294E-03  4.294E-03
    81  2.0200E+02  4.460E-03  4.460E-03  2.488E-03  2.488E-03
    82  1.9300E+02  4.334E-03  4.334E-03  1.447E-02  1.447E-02
    83  1.9150E+02  3.584E-03  3.584E-03  6.912E-03  6.912E-03
    84  1.8850E+02  5.537E-03  5.537E-03  2.639E-02  2.639E-02
    85  1.8770E+02  4.652E-03  4.652E-03  2.715E-03  2.715E-03
    86  1.8000E+02  4.445E-03  4.445E-03  1.994E-03  1.994E-03
    87  1.7000E+02  4.409E-03  4.409E-03  6.567E-04  6.567E-04
    88  1.4300E+02  4.406E-03  4.406E-03  7.208E-04  7.208E-04
    89  1.2200E+02  4.385E-03  4.385E-03  4.619E-03  4.619E-03
    90  1.1900E+02  4.276E-03  4.276E-03  8.978E-03  8.978E-03
    91  1.1750E+02  3.577E-03  3.577E-03  7.947E-03  7.947E-03
    92  1.1600E+02  4.515E-03  4.515E-03  4.415E-03  4.415E-03
    93  1.1300E+02  4.352E-03  4.352E-03  2.556E-03  2.556E-03
    94  1.0800E+02  4.324E-03  4.324E-03  4.110E-03  4.110E-03
    95  1.0500E+02  3.952E-03  3.952E-03  2.999E-03  2.999E-03
    96  1.0120E+02  4.430E-03  4.430E-03  2.758E-03  2.758E-03
    97  9.7000E+01  4.279E-03  4.279E-03  1.562E-03  1.562E-03
    98  9.0000E+01  4.257E-03  4.257E-03  1.211E-03  1.211E-03
    99  8.1700E+01  4.013E-03  4.013E-03  5.306E-03  5.306E-03
   100  8.0000E+01  4.236E-03  4.236E-03  2.306E-03  2.306E-03
   101  7.6000E+01  4.221E-03  4.221E-03  2.195E-03  2.195E-03
   102  7.2000E+01  4.212E-03  4.212E-03  1.840E-03  1.840E-03
   103  6.7500E+01  3.752E-03  3.752E-03  2.886E-03  2.886E-03
   104  6.5000E+01  4.202E-03  4.202E-03  3.836E-03  3.836E-03
   105  6.3000E+01  4.142E-03  4.142E-03  3.732E-03  3.732E-03
   106  6.1000E+01  4.122E-03  4.122E-03  2.390E-03  2.390E-03
   107  5.8000E+01  4.091E-03  4.091E-03  1.461E-03  1.461E-03
   108  5.3400E+01  4.074E-03  4.074E-03  2.239E-03  2.239E-03
   109  5.0600E+01  4.062E-03  4.062E-03  2.564E-03  2.564E-03
   110  4.8300E+01  4.071E-03  4.071E-03  1.812E-03  1.812E-03
   111  4.5200E+01  4.064E-03  4.064E-03  4.492E-03  4.492E-03
   112  4.4000E+01  4.061E-03  4.061E-03  3.267E-03  3.267E-03
   113  4.2400E+01  4.041E-03  4.041E-03  3.616E-03  3.616E-03
   114  4.1000E+01  4.041E-03  4.041E-03  3.508E-03  3.508E-03
   115  3.9600E+01  3.979E-03  3.979E-03  9.595E-03  9.595E-03
   116  3.9100E+01  3.996E-03  3.996E-03  4.265E-03  4.265E-03
   117  3.8000E+01  3.915E-03  3.915E-03  1.232E-02  1.232E-02
   118  3.7630E+01  3.749E-03  3.749E-03  1.223E-02  1.223E-02
   119  3.7270E+01  3.389E-03  3.389E-03  2.955E-02  2.955E-02
   120  3.7130E+01  2.996E-03  2.996E-03  2.974E-02  2.974E-02
   121  3.7000E+01  3.107E-03  3.107E-03  3.684E-03  3.684E-03
   122  3.6000E+01  4.177E-03  4.177E-03  8.756E-03  8.756E-03
   123  3.5500E+01  3.793E-03  3.793E-03  8.864E-03  8.864E-03
   124  3.5000E+01  3.834E-03  3.834E-03  3.459E-03  3.459E-03
   125  3.3750E+01  3.825E-03  3.825E-03  8.421E-03  8.421E-03
   126  3.3250E+01  3.845E-03  3.845E-03  2.739E-03  2.739E-03
   127  3.1750E+01  3.848E-03  3.848E-03  7.978E-03  7.978E-03
   128  3.1250E+01  3.826E-03  3.826E-03  3.104E-03  3.104E-03
   129  3.0000E+01  3.804E-03  3.804E-03  1.443E-03  1.443E-03
   130  2.7500E+01  3.782E-03  3.782E-03  1.329E-03  1.329E-03
   131  2.5000E+01  3.764E-03  3.764E-03  1.217E-03  1.217E-03
   132  2.2500E+01  3.741E-03  3.741E-03  3.801E-03  3.801E-03
   133  2.1750E+01  3.540E-03  3.540E-03  4.860E-03  4.860E-03
   134  2.1200E+01  2.666E-03  2.666E-03  2.993E-03  2.993E-03
   135  2.0500E+01  3.561E-03  3.561E-03  5.269E-03  5.269E-03
   136  2.0000E+01  3.525E-03  3.525E-03  4.421E-03  4.421E-03
   137  1.9400E+01  3.485E-03  3.485E-03  2.853E-03  2.853E-03
   138  1.8500E+01  3.507E-03  3.507E-03  1.608E-03  1.608E-03
   139  1.7000E+01  3.463E-03  3.463E-03  2.241E-03  2.241E-03
   140  1.6000E+01  3.441E-03  3.441E-03  1.291E-03  1.291E-03
   141  1.4400E+01  3.451E-03  3.451E-03  1.241E-03  1.241E-03
   142  1.2900E+01  3.392E-03  3.392E-03  1.683E-03  1.683E-03
   143  1.1900E+01  3.367E-03  3.367E-03  3.945E-03  3.945E-03
   144  1.1500E+01  3.405E-03  3.405E-03  9.803E-04  9.803E-04
   145  1.0000E+01  3.380E-03  3.380E-03  1.451E-03  1.451E-03
   146  9.1000E+00  3.308E-03  3.308E-03  1.170E-03  1.170E-03
   147  8.1000E+00  3.319E-03  3.319E-03  1.124E-03  1.124E-03
   148  7.1500E+00  3.181E-03  3.181E-03  6.602E-03  6.602E-03
   149  7.0000E+00  3.005E-03  3.005E-03  7.433E-03  7.433E-03
   150  6.8750E+00  2.406E-03  2.406E-03  6.104E-03  6.104E-03
   151  6.7500E+00  2.216E-03  2.216E-03  2.933E-03  2.933E-03
   152  6.5000E+00  2.774E-03  2.774E-03  3.670E-03  3.670E-03
   153  6.2500E+00  2.939E-03  2.939E-03  3.802E-03  3.802E-03
   154  6.0000E+00  2.914E-03  2.914E-03  1.496E-03  1.496E-03
   155  5.4000E+00  2.850E-03  2.850E-03  2.060E-03  2.060E-03
   156  5.0000E+00  2.977E-03  2.977E-03  2.556E-03  2.556E-03
   157  4.7000E+00  3.143E-03  3.143E-03  1.166E-03  1.166E-03
   158  4.1000E+00  3.064E-03  3.064E-03  1.687E-03  1.687E-03
   159  3.7300E+00  2.819E-03  2.819E-03  2.506E-03  2.506E-03
   160  3.5000E+00  2.857E-03  2.857E-03  1.784E-03  1.784E-03
   161  3.2000E+00  2.931E-03  2.931E-03  5.037E-03  5.037E-03
   162  3.1000E+00  3.083E-03  3.083E-03  4.879E-03  4.879E-03
   163  3.0000E+00  3.205E-03  3.205E-03  1.592E-02  1.592E-02
   164  2.9700E+00  3.029E-03  3.029E-03  4.672E-03  4.672E-03
   165  2.8700E+00  2.981E-03  2.981E-03  4.512E-03  4.512E-03
   166  2.7700E+00  2.987E-03  2.987E-03  4.352E-03  4.352E-03
   167  2.6700E+00  2.994E-03  2.994E-03  4.193E-03  4.193E-03
   168  2.5700E+00  3.001E-03  3.001E-03  4.034E-03  4.034E-03
   169  2.4700E+00  3.008E-03  3.008E-03  4.315E-03  4.315E-03
   170  2.3800E+00  3.014E-03  3.014E-03  4.685E-03  4.685E-03
   171  2.3000E+00  3.020E-03  3.020E-03  4.014E-03  4.014E-03
   172  2.2100E+00  3.028E-03  3.028E-03  3.854E-03  3.854E-03
   173  2.1200E+00  3.036E-03  3.036E-03  2.745E-03  2.745E-03
   174  2.0000E+00  3.082E-03  3.082E-03  5.260E-03  5.260E-03
   175  1.9400E+00  3.098E-03  3.098E-03  3.810E-03  3.810E-03
   176  1.8600E+00  3.124E-03  3.124E-03  3.237E-03  3.237E-03
   177  1.7700E+00  3.152E-03  3.152E-03  3.077E-03  3.077E-03
   178  1.6800E+00  3.177E-03  3.177E-03  2.918E-03  2.918E-03
   179  1.5900E+00  3.200E-03  3.200E-03  2.758E-03  2.758E-03
   180  1.5000E+00  3.216E-03  3.216E-03  4.741E-03  4.741E-03
   181  1.4500E+00  3.228E-03  3.228E-03  4.581E-03  4.581E-03
   182  1.4000E+00  3.239E-03  3.239E-03  4.420E-03  4.420E-03
   183  1.3500E+00  3.251E-03  3.251E-03  4.260E-03  4.260E-03
   184  1.3000E+00  3.263E-03  3.263E-03  4.099E-03  4.099E-03
   185  1.2500E+00  3.271E-03  3.271E-03  7.959E-03  7.959E-03
   186  1.2250E+00  3.275E-03  3.275E-03  7.800E-03  7.800E-03
   187  1.2000E+00  3.278E-03  3.278E-03  7.641E-03  7.641E-03
   188  1.1750E+00  3.282E-03  3.282E-03  7.482E-03  7.482E-03
   189  1.1500E+00  3.286E-03  3.286E-03  1.843E-02  1.843E-02
   190  1.1400E+00  3.289E-03  3.289E-03  1.827E-02  1.827E-02
   191  1.1300E+00  3.294E-03  3.294E-03  1.811E-02  1.811E-02
   192  1.1200E+00  3.298E-03  3.298E-03  1.795E-02  1.795E-02
   193  1.1100E+00  3.304E-03  3.304E-03  1.779E-02  1.779E-02
   194  1.1000E+00  3.310E-03  3.310E-03  1.764E-02  1.764E-02
   195  1.0900E+00  3.316E-03  3.316E-03  1.747E-02  1.747E-02
   196  1.0800E+00  3.323E-03  3.323E-03  1.731E-02  1.731E-02
   197  1.0700E+00  3.330E-03  3.330E-03  1.715E-02  1.715E-02
   198  1.0600E+00  3.338E-03  3.338E-03  1.699E-02  1.699E-02
   199  1.0500E+00  3.346E-03  3.346E-03  1.683E-02  1.683E-02
   200  1.0400E+00  3.355E-03  3.355E-03  1.667E-02  1.667E-02
   201  1.0300E+00  3.364E-03  3.364E-03  1.651E-02  1.651E-02
   202  1.0200E+00  3.373E-03  3.373E-03  1.635E-02  1.635E-02
   203  1.0100E+00  3.382E-03  3.382E-03  1.619E-02  1.619E-02
   204  1.0000E+00  3.399E-03  3.399E-03  6.364E-03  6.364E-03
   205  9.7500E-01  3.425E-03  3.425E-03  6.203E-03  6.203E-03
   206  9.5000E-01  3.452E-03  3.452E-03  6.042E-03  6.042E-03
   207  9.2500E-01  3.481E-03  3.481E-03  5.881E-03  5.881E-03
   208  9.0000E-01  3.529E-03  3.529E-03  2.819E-03  2.819E-03
   209  8.5000E-01  3.603E-03  3.603E-03  2.658E-03  2.658E-03
   210  8.0000E-01  3.699E-03  3.699E-03  2.497E-03  2.497E-03
   211  7.5000E-01  3.830E-03  3.830E-03  2.336E-03  2.336E-03
   212  7.0000E-01  3.999E-03  3.999E-03  2.175E-03  2.175E-03
   213  6.5000E-01  4.156E-03  4.156E-03  4.110E-03  4.110E-03
   214  6.2500E-01  4.286E-03  4.286E-03  3.949E-03  3.949E-03
   215  6.0000E-01  4.518E-03  4.518E-03  1.853E-03  1.853E-03
   216  5.5000E-01  4.911E-03  4.911E-03  1.692E-03  1.692E-03
   217  5.0000E-01  5.422E-03  5.422E-03  1.530E-03  1.530E-03
   218  4.5000E-01  6.066E-03  6.066E-03  1.369E-03  1.369E-03
   219  4.0000E-01  6.630E-03  6.630E-03  2.499E-03  2.499E-03
   220  3.7500E-01  7.059E-03  7.059E-03  2.337E-03  2.337E-03
   221  3.5000E-01  7.508E-03  7.508E-03  2.176E-03  2.176E-03
   222  3.2500E-01  7.964E-03  7.964E-03  2.014E-03  2.014E-03
   223  3.0000E-01  8.434E-03  8.434E-03  1.852E-03  1.852E-03
   224  2.7500E-01  8.892E-03  8.892E-03  1.691E-03  1.691E-03
   225  2.5000E-01  9.274E-03  9.274E-03  1.529E-03  1.529E-03
   226  2.2500E-01  9.529E-03  9.529E-03  1.368E-03  1.368E-03
   227  2.0000E-01  9.563E-03  9.563E-03  1.207E-03  1.207E-03
   228  1.7500E-01  9.277E-03  9.277E-03  1.046E-03  1.046E-03
   229  1.5000E-01  8.571E-03  8.571E-03  8.849E-04  8.849E-04
   230  1.2500E-01  7.494E-03  7.494E-03  7.233E-04  7.233E-04
   231  1.0000E-01  6.495E-03  6.495E-03  1.533E-03  1.533E-03
   232  9.0000E-02  5.757E-03  5.757E-03  1.372E-03  1.372E-03
   233  8.0000E-02  4.926E-03  4.926E-03  1.211E-03  1.211E-03
   234  7.0000E-02  4.062E-03  4.062E-03  1.050E-03  1.050E-03
   235  6.0000E-02  3.188E-03  3.188E-03  8.885E-04  8.885E-04
   236  5.0000E-02  2.328E-03  2.328E-03  7.268E-04  7.268E-04
   237  4.0000E-02  1.514E-03  1.514E-03  5.643E-04  5.643E-04
   238  3.0000E-02  1.007E-03  1.007E-03  9.535E-04  9.535E-04
   239  2.5300E-02  4.003E-04  4.003E-04  1.752E-04  1.752E-04
   240  1.0000E-02  1.088E-04  1.088E-04  5.652E-04  5.652E-04
   241  7.5000E-03  5.641E-05  5.641E-05  4.009E-04  4.009E-04
   242  5.0000E-03  2.970E-05  2.970E-05  7.285E-04  7.285E-04
   243  4.0000E-03  1.813E-05  1.813E-05  5.649E-04  5.649E-04
   244  3.0000E-03  1.143E-05  1.143E-05  8.910E-04  8.910E-04
   245  2.5000E-03  7.774E-06  7.774E-06  7.277E-04  7.277E-04
   246  2.0000E-03  4.494E-06  4.494E-06  5.645E-04  5.645E-04
   247  1.5000E-03  2.213E-06  2.213E-06  7.284E-04  7.284E-04
   248  1.2000E-03  1.282E-06  1.282E-06  8.915E-04  8.915E-04
   249  1.0000E-03  6.737E-07  6.737E-07  5.651E-04  5.651E-04
   250  7.5000E-04  2.795E-07  2.795E-07  4.010E-04  4.010E-04
   251  5.0000E-04  2.376E-08  2.376E-08  1.012E-04  1.012E-04
   252  1.0000E-04  5.140E-11  5.140E-11  7.155E-05  7.155E-05


     1  2.0000E+07  2.363E-11  2.363E-11  6.723E-04  6.723E-04
     2  1.7330E+07  2.671E-10  2.671E-10  9.827E-04  9.827E-04
     3  1.5680E+07  6.784E-10  6.784E-10  1.325E-03  1.325E-03
     4  1.4550E+07  8.242E-08  8.242E-08  1.939E-03  1.939E-03
     5  1.3840E+07  3.141E-06  3.141E-06  1.272E-03  1.272E-03
     6  1.2840E+07  2.467E-05  2.467E-05  3.750E-04  3.750E-04
     7  1.0000E+07  9.724E-05  9.724E-05  4.630E-04  4.630E-04
     8  8.1870E+06  3.485E-04  3.485E-04  4.337E-04  4.337E-04
     9  6.4340E+06  9.573E-04  9.573E-04  3.657E-04  3.657E-04
    10  4.8000E+06  1.545E-03  1.545E-03  9.869E-04  9.869E-04
    11  4.3040E+06  1.960E-03  1.960E-03  2.982E-04  2.982E-04
    12  3.0000E+06  3.370E-03  3.370E-03  5.619E-04  5.619E-04
    13  2.4790E+06  4.384E-03  4.384E-03  2.068E-03  2.068E-03
    14  2.3540E+06  5.341E-03  5.341E-03  4.429E-04  4.429E-04
    15  1.8500E+06  6.231E-03  6.231E-03  5.067E-04  5.067E-04
    16  1.5000E+06  6.467E-03  6.467E-03  1.536E-03  1.536E-03
    17  1.4000E+06  6.410E-03  6.410E-03  3.317E-03  3.317E-03
    18  1.3560E+06  6.409E-03  6.409E-03  3.629E-03  3.629E-03
    19  1.3170E+06  6.367E-03  6.367E-03  2.028E-03  2.028E-03
    20  1.2500E+06  6.367E-03  6.367E-03  2.593E-03  2.593E-03
    21  1.2000E+06  6.496E-03  6.496E-03  1.217E-03  1.217E-03
    22  1.1000E+06  6.560E-03  6.560E-03  1.240E-03  1.240E-03
    23  1.0100E+06  6.499E-03  6.499E-03  1.134E-03  1.134E-03
    24  9.2000E+05  6.457E-03  6.457E-03  4.816E-03  4.816E-03
    25  9.0000E+05  6.489E-03  6.489E-03  3.758E-03  3.758E-03
    26  8.7500E+05  6.470E-03  6.470E-03  6.611E-03  6.611E-03
    27  8.6110E+05  6.476E-03  6.476E-03  2.165E-03  2.165E-03
    28  8.2000E+05  6.489E-03  6.489E-03  1.186E-03  1.186E-03
    29  7.5000E+05  6.459E-03  6.459E-03  1.065E-03  1.065E-03
    30  6.7900E+05  6.411E-03  6.411E-03  7.935E-03  7.935E-03
    31  6.7000E+05  6.308E-03  6.308E-03  9.596E-04  9.596E-04
    32  6.0000E+05  6.228E-03  6.228E-03  2.300E-03  2.300E-03
    33  5.7300E+05  6.240E-03  6.240E-03  2.585E-03  2.585E-03
    34  5.5000E+05  6.095E-03  6.095E-03  9.504E-04  9.504E-04
    35  4.9200E+05  6.075E-03  6.075E-03  2.315E-03  2.315E-03
    36  4.7000E+05  5.902E-03  5.902E-03  1.606E-03  1.606E-03
    37  4.4000E+05  5.631E-03  5.631E-03  2.277E-03  2.277E-03
    38  4.2000E+05  5.621E-03  5.621E-03  2.171E-03  2.171E-03
    39  4.0000E+05  5.418E-03  5.418E-03  5.507E-04  5.507E-04
    40  3.3000E+05  4.990E-03  4.990E-03  5.280E-04  5.280E-04
    41  2.7000E+05  4.960E-03  4.960E-03  3.531E-04  3.531E-04
    42  2.0000E+05  5.187E-03  5.187E-03  3.600E-04  3.600E-04
    43  1.4900E+05  5.229E-03  5.229E-03  7.087E-04  7.087E-04
    44  1.2830E+05  4.960E-03  4.960E-03  4.254E-04  4.254E-04
    45  1.0000E+05  4.939E-03  4.939E-03  6.525E-04  6.525E-04
    46  8.5000E+04  5.447E-03  5.447E-03  2.951E-03  2.951E-03
    47  8.2000E+04  5.378E-03  5.378E-03  1.189E-03  1.189E-03
    48  7.5000E+04  5.265E-03  5.265E-03  3.925E-03  3.925E-03
    49  7.3000E+04  5.243E-03  5.243E-03  5.410E-04  5.410E-04
    50  6.0000E+04  5.188E-03  5.188E-03  7.416E-04  7.416E-04
    51  5.2000E+04  4.880E-03  4.880E-03  2.706E-03  2.706E-03
    52  5.0000E+04  4.688E-03  4.688E-03  1.008E-03  1.008E-03
    53  4.5000E+04  5.133E-03  5.133E-03  2.620E-04  2.620E-04
    54  3.0000E+04  5.073E-03  5.073E-03  2.623E-04  2.623E-04
    55  2.0000E+04  5.052E-03  5.052E-03  6.555E-04  6.555E-04
    56  1.7000E+04  5.028E-03  5.028E-03  3.974E-04  3.974E-04
    57  1.3000E+04  5.004E-03  5.004E-03  3.404E-04  3.404E-04
    58  9.5000E+03  4.985E-03  4.985E-03  6.359E-04  6.359E-04
    59  8.0300E+03  4.969E-03  4.969E-03  3.123E-04  3.123E-04
    60  5.7000E+03  4.939E-03  4.939E-03  2.827E-04  2.827E-04
    61  3.9000E+03  4.935E-03  4.935E-03  2.566E-03  2.566E-03
    62  3.7400E+03  4.912E-03  4.912E-03  4.877E-04  4.877E-04
    63  3.0000E+03  4.900E-03  4.900E-03  5.910E-04  5.910E-04
    64  2.5000E+03  4.873E-03  4.873E-03  1.023E-03  1.023E-03
    65  2.2500E+03  4.893E-03  4.893E-03  4.806E-03  4.806E-03
    66  2.2000E+03  4.869E-03  4.869E-03  5.385E-04  5.385E-04
    67  1.8000E+03  4.850E-03  4.850E-03  7.237E-04  7.237E-04
    68  1.5500E+03  4.842E-03  4.842E-03  3.306E-03  3.306E-03
    69  1.5000E+03  4.825E-03  4.825E-03  4.085E-04  4.085E-04
    70  1.1500E+03  4.788E-03  4.788E-03  5.697E-04  5.697E-04
    71  9.5000E+02  4.761E-03  4.761E-03  3.311E-04  3.311E-04
    72  6.8300E+02  4.743E-03  4.743E-03  5.730E-03  5.730E-03
    73  6.7000E+02  4.714E-03  4.714E-03  5.567E-04  5.567E-04
    74  5.5000E+02  4.656E-03  4.656E-03  1.874E-04  1.874E-04
    75  3.0500E+02  4.593E-03  4.593E-03  1.638E-03  1.638E-03
    76  2.8500E+02  4.579E-03  4.579E-03  6.508E-04  6.508E-04
    77  2.4000E+02  4.524E-03  4.524E-03  1.286E-03  1.286E-03
    78  2.2000E+02  4.533E-03  4.533E-03  2.310E-03  2.310E-03
    79  2.0950E+02  3.769E-03  3.769E-03  1.043E-02  1.043E-02
    80  2.0740E+02  4.722E-03  4.722E-03  4.296E-03  4.296E-03
    81  2.0200E+02  4.501E-03  4.501E-03  2.490E-03  2.490E-03
    82  1.9300E+02  4.375E-03  4.375E-03  1.448E-02  1.448E-02
    83  1.9150E+02  3.617E-03  3.617E-03  6.915E-03  6.915E-03
    84  1.8850E+02  5.587E-03  5.587E-03  2.640E-02  2.640E-02
    85  1.8770E+02  4.696E-03  4.696E-03  2.716E-03  2.716E-03
    86  1.8000E+02  4.486E-03  4.486E-03  1.995E-03  1.995E-03
    87  1.7000E+02  4.450E-03  4.450E-03  6.570E-04  6.570E-04
    88  1.4300E+02  4.447E-03  4.447E-03  7.211E-04  7.211E-04
    89  1.2200E+02  4.426E-03  4.426E-03  4.621E-03  4.621E-03
    90  1.1900E+02  4.316E-03  4.316E-03  8.983E-03  8.983E-03
    91  1.1750E+02  3.611E-03  3.611E-03  7.952E-03  7.952E-03
    92  1.1600E+02  4.558E-03  4.558E-03  4.417E-03  4.417E-03
    93  1.1300E+02  4.393E-03  4.393E-03  2.557E-03  2.557E-03
    94  1.0800E+02  4.364E-03  4.364E-03  4.112E-03  4.112E-03
    95  1.0500E+02  3.989E-03  3.989E-03  3.000E-03  3.000E-03
    96  1.0120E+02  4.471E-03  4.471E-03  2.759E-03  2.759E-03
    97  9.7000E+01  4.319E-03  4.319E-03  1.563E-03  1.563E-03
    98  9.0000E+01  4.296E-03  4.296E-03  1.211E-03  1.211E-03
    99  8.1700E+01  4.050E-03  4.050E-03  5.309E-03  5.309E-03
   100  8.0000E+01  4.275E-03  4.275E-03  2.307E-03  2.307E-03
   101  7.6000E+01  4.259E-03  4.259E-03  2.196E-03  2.196E-03
   102  7.2000E+01  4.251E-03  4.251E-03  1.840E-03  1.840E-03
   103  6.7500E+01  3.786E-03  3.786E-03  2.887E-03  2.887E-03
   104  6.5000E+01  4.241E-03  4.241E-03  3.837E-03  3.837E-03
   105  6.3000E+01  4.181E-03  4.181E-03  3.733E-03  3.733E-03
   106  6.1000E+01  4.160E-03  4.160E-03  2.391E-03  2.391E-03
   107  5.8000E+01  4.129E-03  4.129E-03  1.462E-03  1.462E-03
   108  5.3400E+01  4.111E-03  4.111E-03  2.239E-03  2.239E-03
   109  5.0600E+01  4.099E-03  4.099E-03  2.565E-03  2.565E-03
   110  4.8300E+01  4.109E-03  4.109E-03  1.812E-03  1.812E-03
   111  4.5200E+01  4.099E-03  4.099E-03  4.491E-03  4.491E-03
   112  4.4000E+01  4.097E-03  4.097E-03  3.267E-03  3.267E-03
   113  4.2400E+01  4.078E-03  4.078E-03  3.617E-03  3.617E-03
   114  4.1000E+01  4.079E-03  4.079E-03  3.509E-03  3.509E-03
   115  3.9600E+01  4.017E-03  4.017E-03  9.599E-03  9.599E-03
   116  3.9100E+01  4.033E-03  4.033E-03  4.266E-03  4.266E-03
   117  3.8000E+01  3.951E-03  3.951E-03  1.233E-02  1.233E-02
   118  3.7630E+01  3.783E-03  3.783E-03  1.223E-02  1.223E-02
   119  3.7270E+01  3.421E-03  3.421E-03  2.956E-02  2.956E-02
   120  3.7130E+01  3.023E-03  3.023E-03  2.974E-02  2.974E-02
   121  3.7000E+01  3.136E-03  3.136E-03  3.685E-03  3.685E-03
   122  3.6000E+01  4.216E-03  4.216E-03  8.758E-03  8.758E-03
   123  3.5500E+01  3.831E-03  3.831E-03  8.868E-03  8.868E-03
   124  3.5000E+01  3.871E-03  3.871E-03  3.460E-03  3.460E-03
   125  3.3750E+01  3.863E-03  3.863E-03  8.425E-03  8.425E-03
   126  3.3250E+01  3.881E-03  3.881E-03  2.739E-03  2.739E-03
   127  3.1750E+01  3.884E-03  3.884E-03  7.979E-03  7.979E-03
   128  3.1250E+01  3.862E-03  3.862E-03  3.104E-03  3.104E-03
   129  3.0000E+01  3.840E-03  3.840E-03  1.444E-03  1.444E-03
   130  2.7500E+01  3.818E-03  3.818E-03  1.329E-03  1.329E-03
   131  2.5000E+01  3.801E-03  3.801E-03  1.217E-03  1.217E-03
   132  2.2500E+01  3.775E-03  3.775E-03  3.802E-03  3.802E-03
   133  2.1750E+01  3.574E-03  3.574E-03  4.860E-03  4.860E-03
   134  2.1200E+01  2.691E-03  2.691E-03  2.993E-03  2.993E-03
   135  2.0500E+01  3.595E-03  3.595E-03  5.268E-03  5.268E-03
   136  2.0000E+01  3.560E-03  3.560E-03  4.421E-03  4.421E-03
   137  1.9400E+01  3.521E-03  3.521E-03  2.854E-03  2.854E-03
   138  1.8500E+01  3.540E-03  3.540E-03  1.608E-03  1.608E-03
   139  1.7000E+01  3.497E-03  3.497E-03  2.241E-03  2.241E-03
   140  1.6000E+01  3.472E-03  3.472E-03  1.291E-03  1.291E-03
   141  1.4400E+01  3.484E-03  3.484E-03  1.241E-03  1.241E-03
   142  1.2900E+01  3.425E-03  3.425E-03  1.683E-03  1.683E-03
   143  1.1900E+01  3.399E-03  3.399E-03  3.944E-03  3.944E-03
   144  1.1500E+01  3.436E-03  3.436E-03  9.799E-04  9.799E-04
   145  1.0000E+01  3.412E-03  3.412E-03  1.450E-03  1.450E-03
   146  9.1000E+00  3.341E-03  3.341E-03  1.170E-03  1.170E-03
   147  8.1000E+00  3.348E-03  3.348E-03  1.123E-03  1.123E-03
   148  7.1500E+00  3.212E-03  3.212E-03  6.597E-03  6.597E-03
   149  7.0000E+00  3.033E-03  3.033E-03  7.427E-03  7.427E-03
   150  6.8750E+00  2.429E-03  2.429E-03  6.100E-03  6.100E-03
   151  6.7500E+00  2.237E-03  2.237E-03  2.931E-03  2.931E-03
   152  6.5000E+00  2.801E-03  2.801E-03  3.669E-03  3.669E-03
   153  6.2500E+00  2.967E-03  2.967E-03  3.799E-03  3.799E-03
   154  6.0000E+00  2.937E-03  2.937E-03  1.494E-03  1.494E-03
   155  5.4000E+00  2.872E-03  2.872E-03  2.058E-03  2.058E-03
   156  5.0000E+00  3.003E-03  3.003E-03  2.557E-03  2.557E-03
   157  4.7000E+00  3.169E-03  3.169E-03  1.166E-03  1.166E-03
   158  4.1000E+00  3.089E-03  3.089E-03  1.687E-03  1.687E-03
   159  3.7300E+00  2.843E-03  2.843E-03  2.507E-03  2.507E-03
   160  3.5000E+00  2.881E-03  2.881E-03  1.784E-03  1.784E-03
   161  3.2000E+00  2.956E-03  2.956E-03  5.038E-03  5.038E-03
   162  3.1000E+00  3.109E-03  3.109E-03  4.880E-03  4.880E-03
   163  3.0000E+00  3.232E-03  3.232E-03  1.592E-02  1.592E-02
   164  2.9700E+00  3.055E-03  3.055E-03  4.673E-03  4.673E-03
   165  2.8700E+00  3.006E-03  3.006E-03  4.513E-03  4.513E-03
   166  2.7700E+00  3.013E-03  3.013E-03  4.353E-03  4.353E-03
   167  2.6700E+00  3.019E-03  3.019E-03  4.194E-03  4.194E-03
   168  2.5700E+00  3.026E-03  3.026E-03  4.035E-03  4.035E-03
   169  2.4700E+00  3.033E-03  3.033E-03  4.315E-03  4.315E-03
   170  2.3800E+00  3.039E-03  3.039E-03  4.686E-03  4.686E-03
   171  2.3000E+00  3.046E-03  3.046E-03  4.014E-03  4.014E-03
   172  2.2100E+00  3.053E-03  3.053E-03  3.854E-03  3.854E-03
   173  2.1200E+00  3.062E-03  3.062E-03  2.746E-03  2.746E-03
   174  2.0000E+00  3.109E-03  3.109E-03  5.260E-03  5.260E-03
   175  1.9400E+00  3.125E-03  3.125E-03  3.810E-03  3.810E-03
   176  1.8600E+00  3.150E-03  3.150E-03  3.237E-03  3.237E-03
   177  1.7700E+00  3.178E-03  3.178E-03  3.078E-03  3.078E-03
   178  1.6800E+00  3.204E-03  3.204E-03  2.918E-03  2.918E-03
   179  1.5900E+00  3.227E-03  3.227E-03  2.758E-03  2.758E-03
   180  1.5000E+00  3.243E-03  3.243E-03  4.741E-03  4.741E-03
   181  1.4500E+00  3.255E-03  3.255E-03  4.581E-03  4.581E-03
   182  1.4000E+00  3.266E-03  3.266E-03  4.421E-03  4.421E-03
   183  1.3500E+00  3.278E-03  3.278E-03  4.261E-03  4.261E-03
   184  1.3000E+00  3.290E-03  3.290E-03  4.100E-03  4.100E-03
   185  1.2500E+00  3.297E-03  3.297E-03  7.961E-03  7.961E-03
   186  1.2250E+00  3.301E-03  3.301E-03  7.802E-03  7.802E-03
   187  1.2000E+00  3.303E-03  3.303E-03  7.643E-03  7.643E-03
   188  1.1750E+00  3.306E-03  3.306E-03  7.484E-03  7.484E-03
   189  1.1500E+00  3.310E-03  3.310E-03  1.843E-02  1.843E-02
   190  1.1400E+00  3.312E-03  3.312E-03  1.827E-02  1.827E-02
   191  1.1300E+00  3.315E-03  3.315E-03  1.811E-02  1.811E-02
   192  1.1200E+00  3.318E-03  3.318E-03  1.794E-02  1.794E-02
   193  1.1100E+00  3.321E-03  3.321E-03  1.777E-02  1.777E-02
   194  1.1000E+00  3.324E-03  3.324E-03  1.760E-02  1.760E-02
   195  1.0900E+00  3.327E-03  3.327E-03  1.743E-02  1.743E-02
   196  1.0800E+00  3.330E-03  3.330E-03  1.726E-02  1.726E-02
   197  1.0700E+00  3.335E-03  3.335E-03  1.709E-02  1.709E-02
   198  1.0600E+00  3.342E-03  3.342E-03  1.693E-02  1.693E-02
   199  1.0500E+00  3.350E-03  3.350E-03  1.677E-02  1.677E-02
   200  1.0400E+00  3.360E-03  3.360E-03  1.662E-02  1.662E-02
   201  1.0300E+00  3.372E-03  3.372E-03  1.648E-02  1.648E-02
   202  1.0200E+00  3.383E-03  3.383E-03  1.633E-02  1.633E-02
   203  1.0100E+00  3.395E-03  3.395E-03  1.619E-02  1.619E-02
   204  1.0000E+00  3.415E-03  3.415E-03  6.369E-03  6.369E-03
   205  9.7500E-01  3.442E-03  3.442E-03  6.214E-03  6.214E-03
   206  9.5000E-01  3.470E-03  3.470E-03  6.055E-03  6.055E-03
   207  9.2500E-01  3.499E-03  3.499E-03  5.895E-03  5.895E-03
   208  9.0000E-01  3.546E-03  3.546E-03  2.827E-03  2.827E-03
   209  8.5000E-01  3.618E-03  3.618E-03  2.666E-03  2.666E-03
   210  8.0000E-01  3.712E-03  3.712E-03  2.505E-03  2.505E-03
   211  7.5000E-01  3.838E-03  3.838E-03  2.343E-03  2.343E-03
   212  7.0000E-01  4.001E-03  4.001E-03  2.182E-03  2.182E-03
   213  6.5000E-01  4.150E-03  4.150E-03  4.123E-03  4.123E-03
   214  6.2500E-01  4.273E-03  4.273E-03  3.962E-03  3.962E-03
   215  6.0000E-01  4.491E-03  4.491E-03  1.859E-03  1.859E-03
   216  5.5000E-01  4.856E-03  4.856E-03  1.697E-03  1.697E-03
   217  5.0000E-01  5.326E-03  5.326E-03  1.535E-03  1.535E-03
   218  4.5000E-01  5.909E-03  5.909E-03  1.374E-03  1.374E-03
   219  4.0000E-01  6.412E-03  6.412E-03  2.507E-03  2.507E-03
   220  3.7500E-01  6.788E-03  6.788E-03  2.345E-03  2.345E-03
   221  3.5000E-01  7.172E-03  7.172E-03  2.182E-03  2.182E-03
   222  3.2500E-01  7.559E-03  7.559E-03  2.020E-03  2.020E-03
   223  3.0000E-01  7.971E-03  7.971E-03  1.857E-03  1.857E-03
   224  2.7500E-01  8.392E-03  8.392E-03  1.696E-03  1.696E-03
   225  2.5000E-01  8.752E-03  8.752E-03  1.534E-03  1.534E-03
   226  2.2500E-01  8.990E-03  8.990E-03  1.373E-03  1.373E-03
   227  2.0000E-01  9.019E-03  9.019E-03  1.211E-03  1.211E-03
   228  1.7500E-01  8.744E-03  8.744E-03  1.050E-03  1.050E-03
   229  1.5000E-01  8.074E-03  8.074E-03  8.879E-04  8.879E-04
   230  1.2500E-01  7.055E-03  7.055E-03  7.257E-04  7.257E-04
   231  1.0000E-01  6.112E-03  6.112E-03  1.538E-03  1.538E-03
   232  9.0000E-02  5.416E-03  5.416E-03  1.376E-03  1.376E-03
   233  8.0000E-02  4.635E-03  4.635E-03  1.215E-03  1.215E-03
   234  7.0000E-02  3.822E-03  3.822E-03  1.054E-03  1.054E-03
   235  6.0000E-02  3.000E-03  3.000E-03  8.921E-04  8.921E-04
   236  5.0000E-02  2.191E-03  2.191E-03  7.299E-04  7.299E-04
   237  4.0000E-02  1.425E-03  1.425E-03  5.670E-04  5.670E-04
   238  3.0000E-02  9.483E-04  9.483E-04  9.583E-04  9.583E-04
   239  2.5300E-02  3.770E-04  3.770E-04  1.761E-04  1.761E-04
   240  1.0000E-02  1.025E-04  1.025E-04  5.686E-04  5.686E-04
   241  7.5000E-03  5.315E-05  5.315E-05  4.034E-04  4.034E-04
   242  5.0000E-03  2.798E-05  2.798E-05  7.331E-04  7.331E-04
   243  4.0000E-03  1.709E-05  1.709E-05  5.685E-04  5.685E-04
   244  3.0000E-03  1.077E-05  1.077E-05  8.967E-04  8.967E-04
   245  2.5000E-03  7.325E-06  7.325E-06  7.322E-04  7.322E-04
   246  2.0000E-03  4.234E-06  4.234E-06  5.681E-04  5.681E-04
   247  1.5000E-03  2.085E-06  2.085E-06  7.331E-04  7.331E-04
   248  1.2000E-03  1.208E-06  1.208E-06  8.973E-04  8.973E-04
   249  1.0000E-03  6.346E-07  6.346E-07  5.688E-04  5.688E-04
   250  7.5000E-04  2.633E-07  2.633E-07  4.036E-04  4.036E-04
   251  5.0000E-04  2.239E-08  2.239E-08  1.019E-04  1.019E-04
   252  1.0000E-04  4.851E-11  4.851E-11  7.222E-05  7.222E-05


     1  2.0000E+07  1.370E-10  1.370E-10  6.750E-04  6.750E-04
     2  1.7330E+07  1.981E-09  1.981E-09  9.866E-04  9.866E-04
     3  1.5680E+07  4.965E-09  4.965E-09  1.330E-03  1.330E-03
     4  1.4550E+07  1.675E-07  1.675E-07  1.946E-03  1.946E-03
     5  1.3840E+07  3.492E-06  3.492E-06  1.276E-03  1.276E-03
     6  1.2840E+07  2.573E-05  2.573E-05  3.762E-04  3.762E-04
     7  1.0000E+07  1.005E-04  1.005E-04  4.645E-04  4.645E-04
     8  8.1870E+06  3.580E-04  3.580E-04  4.350E-04  4.350E-04
     9  6.4340E+06  9.786E-04  9.786E-04  3.666E-04  3.666E-04
    10  4.8000E+06  1.576E-03  1.576E-03  9.893E-04  9.893E-04
    11  4.3040E+06  1.993E-03  1.993E-03  2.989E-04  2.989E-04
    12  3.0000E+06  3.422E-03  3.422E-03  5.631E-04  5.631E-04
    13  2.4790E+06  4.451E-03  4.451E-03  2.072E-03  2.072E-03
    14  2.3540E+06  5.417E-03  5.417E-03  4.438E-04  4.438E-04
    15  1.8500E+06  6.315E-03  6.315E-03  5.076E-04  5.076E-04
    16  1.5000E+06  6.553E-03  6.553E-03  1.539E-03  1.539E-03
    17  1.4000E+06  6.494E-03  6.494E-03  3.322E-03  3.322E-03
    18  1.3560E+06  6.493E-03  6.493E-03  3.634E-03  3.634E-03
    19  1.3170E+06  6.450E-03  6.450E-03  2.031E-03  2.031E-03
    20  1.2500E+06  6.450E-03  6.450E-03  2.597E-03  2.597E-03
    21  1.2000E+06  6.580E-03  6.580E-03  1.218E-03  1.218E-03
    22  1.1000E+06  6.643E-03  6.643E-03  1.242E-03  1.242E-03
    23  1.0100E+06  6.580E-03  6.580E-03  1.136E-03  1.136E-03
    24  9.2000E+05  6.537E-03  6.537E-03  4.823E-03  4.823E-03
    25  9.0000E+05  6.570E-03  6.570E-03  3.763E-03  3.763E-03
    26  8.7500E+05  6.550E-03  6.550E-03  6.621E-03  6.621E-03
    27  8.6110E+05  6.556E-03  6.556E-03  2.168E-03  2.168E-03
    28  8.2000E+05  6.568E-03  6.568E-03  1.188E-03  1.188E-03
    29  7.5000E+05  6.537E-03  6.537E-03  1.066E-03  1.066E-03
    30  6.7900E+05  6.489E-03  6.489E-03  7.947E-03  7.947E-03
    31  6.7000E+05  6.383E-03  6.383E-03  9.610E-04  9.610E-04
    32  6.0000E+05  6.303E-03  6.303E-03  2.303E-03  2.303E-03
    33  5.7300E+05  6.314E-03  6.314E-03  2.589E-03  2.589E-03
    34  5.5000E+05  6.167E-03  6.167E-03  9.518E-04  9.518E-04
    35  4.9200E+05  6.146E-03  6.146E-03  2.319E-03  2.319E-03
    36  4.7000E+05  5.972E-03  5.972E-03  1.608E-03  1.608E-03
    37  4.4000E+05  5.698E-03  5.698E-03  2.280E-03  2.280E-03
    38  4.2000E+05  5.686E-03  5.686E-03  2.174E-03  2.174E-03
    39  4.0000E+05  5.481E-03  5.481E-03  5.515E-04  5.515E-04
    40  3.3000E+05  5.047E-03  5.047E-03  5.287E-04  5.287E-04
    41  2.7000E+05  5.017E-03  5.017E-03  3.536E-04  3.536E-04
    42  2.0000E+05  5.246E-03  5.246E-03  3.605E-04  3.605E-04
    43  1.4900E+05  5.288E-03  5.288E-03  7.097E-04  7.097E-04
    44  1.2830E+05  5.017E-03  5.017E-03  4.260E-04  4.260E-04
    45  1.0000E+05  4.995E-03  4.995E-03  6.534E-04  6.534E-04
    46  8.5000E+04  5.509E-03  5.509E-03  2.956E-03  2.956E-03
    47  8.2000E+04  5.439E-03  5.439E-03  1.190E-03  1.190E-03
    48  7.5000E+04  5.325E-03  5.325E-03  3.930E-03  3.930E-03
    49  7.3000E+04  5.302E-03  5.302E-03  5.418E-04  5.418E-04
    50  6.0000E+04  5.247E-03  5.247E-03  7.427E-04  7.427E-04
    51  5.2000E+04  4.935E-03  4.935E-03  2.710E-03  2.710E-03
    52  5.0000E+04  4.741E-03  4.741E-03  1.009E-03  1.009E-03
    53  4.5000E+04  5.191E-03  5.191E-03  2.623E-04  2.623E-04
    54  3.0000E+04  5.131E-03  5.131E-03  2.627E-04  2.627E-04
    55  2.0000E+04  5.109E-03  5.109E-03  6.564E-04  6.564E-04
    56  1.7000E+04  5.085E-03  5.085E-03  3.980E-04  3.980E-04
    57  1.3000E+04  5.061E-03  5.061E-03  3.408E-04  3.408E-04
    58  9.5000E+03  5.042E-03  5.042E-03  6.368E-04  6.368E-04
    59  8.0300E+03  5.025E-03  5.025E-03  3.127E-04  3.127E-04
    60  5.7000E+03  4.996E-03  4.996E-03  2.830E-04  2.830E-04
    61  3.9000E+03  4.992E-03  4.992E-03  2.569E-03  2.569E-03
    62  3.7400E+03  4.968E-03  4.968E-03  4.884E-04  4.884E-04
    63  3.0000E+03  4.956E-03  4.956E-03  5.917E-04  5.917E-04
    64  2.5000E+03  4.929E-03  4.929E-03  1.025E-03  1.025E-03
    65  2.2500E+03  4.950E-03  4.950E-03  4.812E-03  4.812E-03
    66  2.2000E+03  4.925E-03  4.925E-03  5.392E-04  5.392E-04
    67  1.8000E+03  4.906E-03  4.906E-03  7.246E-04  7.246E-04
    68  1.5500E+03  4.898E-03  4.898E-03  3.310E-03  3.310E-03
    69  1.5000E+03  4.880E-03  4.880E-03  4.090E-04  4.090E-04
    70  1.1500E+03  4.844E-03  4.844E-03  5.704E-04  5.704E-04
    71  9.5000E+02  4.817E-03  4.817E-03  3.315E-04  3.315E-04
    72  6.8300E+02  4.798E-03  4.798E-03  5.737E-03  5.737E-03
    73  6.7000E+02  4.769E-03  4.769E-03  5.574E-04  5.574E-04
    74  5.5000E+02  4.711E-03  4.711E-03  1.876E-04  1.876E-04
    75  3.0500E+02  4.647E-03  4.647E-03  1.640E-03  1.640E-03
    76  2.8500E+02  4.633E-03  4.633E-03  6.515E-04  6.515E-04
    77  2.4000E+02  4.578E-03  4.578E-03  1.287E-03  1.287E-03
    78  2.2000E+02  4.587E-03  4.587E-03  2.312E-03  2.312E-03
    79  2.0950E+02  3.814E-03  3.814E-03  1.044E-02  1.044E-02
    80  2.0740E+02  4.778E-03  4.778E-03  4.301E-03  4.301E-03
    81  2.0200E+02  4.554E-03  4.554E-03  2.492E-03  2.492E-03
    82  1.9300E+02  4.428E-03  4.428E-03  1.450E-02  1.450E-02
    83  1.9150E+02  3.660E-03  3.660E-03  6.922E-03  6.922E-03
    84  1.8850E+02  5.651E-03  5.651E-03  2.643E-02  2.643E-02
    85  1.8770E+02  4.751E-03  4.751E-03  2.719E-03  2.719E-03
    86  1.8000E+02  4.540E-03  4.540E-03  1.997E-03  1.997E-03
    87  1.7000E+02  4.503E-03  4.503E-03  6.577E-04  6.577E-04
    88  1.4300E+02  4.501E-03  4.501E-03  7.218E-04  7.218E-04
    89  1.2200E+02  4.477E-03  4.477E-03  4.625E-03  4.625E-03
    90  1.1900E+02  4.368E-03  4.368E-03  8.993E-03  8.993E-03
    91  1.1750E+02  3.654E-03  3.654E-03  7.960E-03  7.960E-03
    92  1.1600E+02  4.612E-03  4.612E-03  4.421E-03  4.421E-03
    93  1.1300E+02  4.445E-03  4.445E-03  2.559E-03  2.559E-03
    94  1.0800E+02  4.416E-03  4.416E-03  4.116E-03  4.116E-03
    95  1.0500E+02  4.036E-03  4.036E-03  3.003E-03  3.003E-03
    96  1.0120E+02  4.525E-03  4.525E-03  2.762E-03  2.762E-03
    97  9.7000E+01  4.370E-03  4.370E-03  1.564E-03  1.564E-03
    98  9.0000E+01  4.347E-03  4.347E-03  1.212E-03  1.212E-03
    99  8.1700E+01  4.099E-03  4.099E-03  5.314E-03  5.314E-03
   100  8.0000E+01  4.326E-03  4.326E-03  2.308E-03  2.308E-03
   101  7.6000E+01  4.308E-03  4.308E-03  2.198E-03  2.198E-03
   102  7.2000E+01  4.301E-03  4.301E-03  1.842E-03  1.842E-03
   103  6.7500E+01  3.830E-03  3.830E-03  2.889E-03  2.889E-03
   104  6.5000E+01  4.291E-03  4.291E-03  3.841E-03  3.841E-03
   105  6.3000E+01  4.230E-03  4.230E-03  3.736E-03  3.736E-03
   106  6.1000E+01  4.208E-03  4.208E-03  2.393E-03  2.393E-03
   107  5.8000E+01  4.179E-03  4.179E-03  1.463E-03  1.463E-03
   108  5.3400E+01  4.160E-03  4.160E-03  2.240E-03  2.240E-03
   109  5.0600E+01  4.148E-03  4.148E-03  2.567E-03  2.567E-03
   110  4.8300E+01  4.157E-03  4.157E-03  1.813E-03  1.813E-03
   111  4.5200E+01  4.145E-03  4.145E-03  4.491E-03  4.491E-03
   112  4.4000E+01  4.143E-03  4.143E-03  3.268E-03  3.268E-03
   113  4.2400E+01  4.126E-03  4.126E-03  3.618E-03  3.618E-03
   114  4.1000E+01  4.127E-03  4.127E-03  3.511E-03  3.511E-03
   115  3.9600E+01  4.067E-03  4.067E-03  9.608E-03  9.608E-03
   116  3.9100E+01  4.079E-03  4.079E-03  4.268E-03  4.268E-03
   117  3.8000E+01  3.998E-03  3.998E-03  1.233E-02  1.233E-02
   118  3.7630E+01  3.828E-03  3.828E-03  1.224E-02  1.224E-02
   119  3.7270E+01  3.461E-03  3.461E-03  2.959E-02  2.959E-02
   120  3.7130E+01  3.059E-03  3.059E-03  2.977E-02  2.977E-02
   121  3.7000E+01  3.173E-03  3.173E-03  3.687E-03  3.687E-03
   122  3.6000E+01  4.266E-03  4.266E-03  8.764E-03  8.764E-03
   123  3.5500E+01  3.880E-03  3.880E-03  8.877E-03  8.877E-03
   124  3.5000E+01  3.919E-03  3.919E-03  3.463E-03  3.463E-03
   125  3.3750E+01  3.911E-03  3.911E-03  8.433E-03  8.433E-03
   126  3.3250E+01  3.929E-03  3.929E-03  2.741E-03  2.741E-03
   127  3.1750E+01  3.931E-03  3.931E-03  7.984E-03  7.984E-03
   128  3.1250E+01  3.909E-03  3.909E-03  3.106E-03  3.106E-03
   129  3.0000E+01  3.887E-03  3.887E-03  1.444E-03  1.444E-03
   130  2.7500E+01  3.865E-03  3.865E-03  1.329E-03  1.329E-03
   131  2.5000E+01  3.848E-03  3.848E-03  1.218E-03  1.218E-03
   132  2.2500E+01  3.818E-03  3.818E-03  3.804E-03  3.804E-03
   133  2.1750E+01  3.618E-03  3.618E-03  4.862E-03  4.862E-03
   134  2.1200E+01  2.724E-03  2.724E-03  2.994E-03  2.994E-03
   135  2.0500E+01  3.639E-03  3.639E-03  5.270E-03  5.270E-03
   136  2.0000E+01  3.605E-03  3.605E-03  4.423E-03  4.423E-03
   137  1.9400E+01  3.567E-03  3.567E-03  2.855E-03  2.855E-03
   138  1.8500E+01  3.583E-03  3.583E-03  1.608E-03  1.608E-03
   139  1.7000E+01  3.541E-03  3.541E-03  2.242E-03  2.242E-03
   140  1.6000E+01  3.514E-03  3.514E-03  1.291E-03  1.291E-03
   141  1.4400E+01  3.526E-03  3.526E-03  1.241E-03  1.241E-03
   142  1.2900E+01  3.468E-03  3.468E-03  1.683E-03  1.683E-03
   143  1.1900E+01  3.441E-03  3.441E-03  3.945E-03  3.945E-03
   144  1.1500E+01  3.476E-03  3.476E-03  9.798E-04  9.798E-04
   145  1.0000E+01  3.454E-03  3.454E-03  1.449E-03  1.449E-03
   146  9.1000E+00  3.383E-03  3.383E-03  1.169E-03  1.169E-03
   147  8.1000E+00  3.387E-03  3.387E-03  1.122E-03  1.122E-03
   148  7.1500E+00  3.251E-03  3.251E-03  6.594E-03  6.594E-03
   149  7.0000E+00  3.070E-03  3.070E-03  7.422E-03  7.422E-03
   150  6.8750E+00  2.459E-03  2.459E-03  6.096E-03  6.096E-03
   151  6.7500E+00  2.264E-03  2.264E-03  2.929E-03  2.929E-03
   152  6.5000E+00  2.837E-03  2.837E-03  3.669E-03  3.669E-03
   153  6.2500E+00  3.003E-03  3.003E-03  3.798E-03  3.798E-03
   154  6.0000E+00  2.968E-03  2.968E-03  1.491E-03  1.491E-03
   155  5.4000E+00  2.901E-03  2.901E-03  2.057E-03  2.057E-03
   156  5.0000E+00  3.036E-03  3.036E-03  2.559E-03  2.559E-03
   157  4.7000E+00  3.202E-03  3.202E-03  1.167E-03  1.167E-03
   158  4.1000E+00  3.121E-03  3.121E-03  1.688E-03  1.688E-03
   159  3.7300E+00  2.874E-03  2.874E-03  2.509E-03  2.509E-03
   160  3.5000E+00  2.912E-03  2.912E-03  1.785E-03  1.785E-03
   161  3.2000E+00  2.988E-03  2.988E-03  5.042E-03  5.042E-03
   162  3.1000E+00  3.143E-03  3.143E-03  4.883E-03  4.883E-03
   163  3.0000E+00  3.266E-03  3.266E-03  1.593E-02  1.593E-02
   164  2.9700E+00  3.088E-03  3.088E-03  4.676E-03  4.676E-03
   165  2.8700E+00  3.038E-03  3.038E-03  4.515E-03  4.515E-03
   166  2.7700E+00  3.045E-03  3.045E-03  4.355E-03  4.355E-03
   167  2.6700E+00  3.051E-03  3.051E-03  4.196E-03  4.196E-03
   168  2.5700E+00  3.058E-03  3.058E-03  4.037E-03  4.037E-03
   169  2.4700E+00  3.065E-03  3.065E-03  4.318E-03  4.318E-03
   170  2.3800E+00  3.072E-03  3.072E-03  4.688E-03  4.688E-03
   171  2.3000E+00  3.079E-03  3.079E-03  4.017E-03  4.017E-03
   172  2.2100E+00  3.086E-03  3.086E-03  3.856E-03  3.856E-03
   173  2.1200E+00  3.095E-03  3.095E-03  2.748E-03  2.748E-03
   174  2.0000E+00  3.142E-03  3.142E-03  5.264E-03  5.264E-03
   175  1.9400E+00  3.158E-03  3.158E-03  3.812E-03  3.812E-03
   176  1.8600E+00  3.184E-03  3.184E-03  3.239E-03  3.239E-03
   177  1.7700E+00  3.212E-03  3.212E-03  3.079E-03  3.079E-03
   178  1.6800E+00  3.238E-03  3.238E-03  2.919E-03  2.919E-03
   179  1.5900E+00  3.261E-03  3.261E-03  2.759E-03  2.759E-03
   180  1.5000E+00  3.278E-03  3.278E-03  4.744E-03  4.744E-03
   181  1.4500E+00  3.289E-03  3.289E-03  4.584E-03  4.584E-03
   182  1.4000E+00  3.300E-03  3.300E-03  4.424E-03  4.424E-03
   183  1.3500E+00  3.311E-03  3.311E-03  4.264E-03  4.264E-03
   184  1.3000E+00  3.321E-03  3.321E-03  4.104E-03  4.104E-03
   185  1.2500E+00  3.327E-03  3.327E-03  7.969E-03  7.969E-03
   186  1.2250E+00  3.329E-03  3.329E-03  7.810E-03  7.810E-03
   187  1.2000E+00  3.330E-03  3.330E-03  7.651E-03  7.651E-03
   188  1.1750E+00  3.330E-03  3.330E-03  7.491E-03  7.491E-03
   189  1.1500E+00  3.329E-03  3.329E-03  1.844E-02  1.844E-02
   190  1.1400E+00  3.329E-03  3.329E-03  1.827E-02  1.827E-02
   191  1.1300E+00  3.327E-03  3.327E-03  1.809E-02  1.809E-02
   192  1.1200E+00  3.324E-03  3.324E-03  1.791E-02  1.791E-02
   193  1.1100E+00  3.319E-03  3.319E-03  1.771E-02  1.771E-02
   194  1.1000E+00  3.313E-03  3.313E-03  1.750E-02  1.750E-02
   195  1.0900E+00  3.305E-03  3.305E-03  1.729E-02  1.729E-02
   196  1.0800E+00  3.298E-03  3.298E-03  1.708E-02  1.708E-02
   197  1.0700E+00  3.295E-03  3.295E-03  1.689E-02  1.689E-02
   198  1.0600E+00  3.298E-03  3.298E-03  1.672E-02  1.672E-02
   199  1.0500E+00  3.308E-03  3.308E-03  1.659E-02  1.659E-02
   200  1.0400E+00  3.323E-03  3.323E-03  1.647E-02  1.647E-02
   201  1.0300E+00  3.342E-03  3.342E-03  1.638E-02  1.638E-02
   202  1.0200E+00  3.362E-03  3.362E-03  1.628E-02  1.628E-02
   203  1.0100E+00  3.382E-03  3.382E-03  1.618E-02  1.618E-02
   204  1.0000E+00  3.410E-03  3.410E-03  6.388E-03  6.388E-03
   205  9.7500E-01  3.443E-03  3.443E-03  6.249E-03  6.249E-03
   206  9.5000E-01  3.471E-03  3.471E-03  6.098E-03  6.098E-03
   207  9.2500E-01  3.500E-03  3.500E-03  5.943E-03  5.943E-03
   208  9.0000E-01  3.546E-03  3.546E-03  2.852E-03  2.852E-03
   209  8.5000E-01  3.616E-03  3.616E-03  2.692E-03  2.692E-03
   210  8.0000E-01  3.706E-03  3.706E-03  2.531E-03  2.531E-03
   211  7.5000E-01  3.827E-03  3.827E-03  2.368E-03  2.368E-03
   212  7.0000E-01  3.981E-03  3.981E-03  2.206E-03  2.206E-03
   213  6.5000E-01  4.120E-03  4.120E-03  4.169E-03  4.169E-03
   214  6.2500E-01  4.235E-03  4.235E-03  4.005E-03  4.005E-03
   215  6.0000E-01  4.436E-03  4.436E-03  1.879E-03  1.879E-03
   216  5.5000E-01  4.768E-03  4.768E-03  1.716E-03  1.716E-03
   217  5.0000E-01  5.190E-03  5.190E-03  1.553E-03  1.553E-03
   218  4.5000E-01  5.704E-03  5.704E-03  1.389E-03  1.389E-03
   219  4.0000E-01  6.137E-03  6.137E-03  2.535E-03  2.535E-03
   220  3.7500E-01  6.452E-03  6.452E-03  2.371E-03  2.371E-03
   221  3.5000E-01  6.764E-03  6.764E-03  2.207E-03  2.207E-03
   222  3.2500E-01  7.073E-03  7.073E-03  2.043E-03  2.043E-03
   223  3.0000E-01  7.419E-03  7.419E-03  1.878E-03  1.878E-03
   224  2.7500E-01  7.800E-03  7.800E-03  1.715E-03  1.715E-03
   225  2.5000E-01  8.135E-03  8.135E-03  1.552E-03  1.552E-03
   226  2.2500E-01  8.358E-03  8.358E-03  1.389E-03  1.389E-03
   227  2.0000E-01  8.383E-03  8.383E-03  1.226E-03  1.226E-03
   228  1.7500E-01  8.126E-03  8.126E-03  1.062E-03  1.062E-03
   229  1.5000E-01  7.501E-03  7.501E-03  8.986E-04  8.986E-04
   230  1.2500E-01  6.553E-03  6.553E-03  7.346E-04  7.346E-04
   231  1.0000E-01  5.677E-03  5.677E-03  1.557E-03  1.557E-03
   232  9.0000E-02  5.031E-03  5.031E-03  1.393E-03  1.393E-03
   233  8.0000E-02  4.306E-03  4.306E-03  1.230E-03  1.230E-03
   234  7.0000E-02  3.552E-03  3.552E-03  1.067E-03  1.067E-03
   235  6.0000E-02  2.788E-03  2.788E-03  9.035E-04  9.035E-04
   236  5.0000E-02  2.037E-03  2.037E-03  7.394E-04  7.394E-04
   237  4.0000E-02  1.325E-03  1.325E-03  5.745E-04  5.745E-04
   238  3.0000E-02  8.819E-04  8.819E-04  9.711E-04  9.711E-04
   239  2.5300E-02  3.508E-04  3.508E-04  1.785E-04  1.785E-04
   240  1.0000E-02  9.542E-05  9.542E-05  5.765E-04  5.765E-04
   241  7.5000E-03  4.948E-05  4.948E-05  4.091E-04  4.091E-04
   242  5.0000E-03  2.605E-05  2.605E-05  7.435E-04  7.435E-04
   243  4.0000E-03  1.591E-05  1.591E-05  5.766E-04  5.766E-04
   244  3.0000E-03  1.003E-05  1.003E-05  9.094E-04  9.094E-04
   245  2.5000E-03  6.818E-06  6.818E-06  7.426E-04  7.426E-04
   246  2.0000E-03  3.942E-06  3.942E-06  5.761E-04  5.761E-04
   247  1.5000E-03  1.941E-06  1.941E-06  7.436E-04  7.436E-04
   248  1.2000E-03  1.125E-06  1.125E-06  9.101E-04  9.101E-04
   249  1.0000E-03  5.910E-07  5.910E-07  5.769E-04  5.769E-04
   250  7.5000E-04  2.452E-07  2.452E-07  4.094E-04  4.094E-04
   251  5.0000E-04  2.086E-08  2.086E-08  1.034E-04  1.034E-04
   252  1.0000E-04  4.541E-11  4.541E-11  7.338E-05  7.338E-05

