
     1  2.0000E+07  0.000E+00  0.000E+00  7.655E-04  7.655E-04
     2  1.7330E+07  0.000E+00  0.000E+00  1.127E-03  1.127E-03
     3  1.5680E+07  0.000E+00  0.000E+00  1.534E-03  1.534E-03
     4  1.4550E+07  4.255E-11  4.255E-11  2.294E-03  2.294E-03
     5  1.3840E+07  2.116E-06  2.116E-06  1.510E-03  1.510E-03
     6  1.2840E+07  1.781E-05  1.781E-05  4.454E-04  4.454E-04
     7  1.0000E+07  6.921E-05  6.921E-05  5.495E-04  5.495E-04
     8  8.1870E+06  2.403E-04  2.403E-04  5.026E-04  5.026E-04
     9  6.4340E+06  6.536E-04  6.536E-04  4.248E-04  4.248E-04
    10  4.8000E+06  1.063E-03  1.063E-03  1.144E-03  1.144E-03
    11  4.3040E+06  1.432E-03  1.432E-03  3.444E-04  3.444E-04
    12  3.0000E+06  2.400E-03  2.400E-03  6.425E-04  6.425E-04
    13  2.4790E+06  3.116E-03  3.116E-03  2.364E-03  2.364E-03
    14  2.3540E+06  3.816E-03  3.816E-03  5.082E-04  5.082E-04
    15  1.8500E+06  4.498E-03  4.498E-03  5.848E-04  5.848E-04
    16  1.5000E+06  4.734E-03  4.734E-03  1.779E-03  1.779E-03
    17  1.4000E+06  4.694E-03  4.694E-03  3.844E-03  3.844E-03
    18  1.3560E+06  4.640E-03  4.640E-03  4.206E-03  4.206E-03
    19  1.3170E+06  4.552E-03  4.552E-03  2.351E-03  2.351E-03
    20  1.2500E+06  4.555E-03  4.555E-03  3.007E-03  3.007E-03
    21  1.2000E+06  4.751E-03  4.751E-03  1.411E-03  1.411E-03
    22  1.1000E+06  4.851E-03  4.851E-03  1.438E-03  1.438E-03
    23  1.0100E+06  4.780E-03  4.780E-03  1.316E-03  1.316E-03
    24  9.2000E+05  4.755E-03  4.755E-03  5.586E-03  5.586E-03
    25  9.0000E+05  4.828E-03  4.828E-03  4.358E-03  4.358E-03
    26  8.7500E+05  4.814E-03  4.814E-03  7.667E-03  7.667E-03
    27  8.6110E+05  4.843E-03  4.843E-03  2.511E-03  2.511E-03
    28  8.2000E+05  4.902E-03  4.902E-03  1.376E-03  1.376E-03
    29  7.5000E+05  4.944E-03  4.944E-03  1.235E-03  1.235E-03
    30  6.7900E+05  4.901E-03  4.901E-03  9.203E-03  9.203E-03
    31  6.7000E+05  4.636E-03  4.636E-03  1.113E-03  1.113E-03
    32  6.0000E+05  4.649E-03  4.649E-03  2.667E-03  2.667E-03
    33  5.7300E+05  4.727E-03  4.727E-03  2.997E-03  2.997E-03
    34  5.5000E+05  4.542E-03  4.542E-03  1.102E-03  1.102E-03
    35  4.9200E+05  4.585E-03  4.585E-03  2.684E-03  2.684E-03
    36  4.7000E+05  4.340E-03  4.340E-03  1.862E-03  1.862E-03
    37  4.4000E+05  3.959E-03  3.959E-03  2.640E-03  2.640E-03
    38  4.2000E+05  3.971E-03  3.971E-03  2.517E-03  2.517E-03
    39  4.0000E+05  3.718E-03  3.718E-03  6.384E-04  6.384E-04
    40  3.3000E+05  3.190E-03  3.190E-03  6.120E-04  6.120E-04
    41  2.7000E+05  3.269E-03  3.269E-03  4.092E-04  4.092E-04
    42  2.0000E+05  3.830E-03  3.830E-03  4.172E-04  4.172E-04
    43  1.4900E+05  3.978E-03  3.978E-03  8.212E-04  8.212E-04
    44  1.2830E+05  3.537E-03  3.537E-03  4.929E-04  4.929E-04
    45  1.0000E+05  3.556E-03  3.556E-03  7.559E-04  7.559E-04
    46  8.5000E+04  4.457E-03  4.457E-03  3.419E-03  3.419E-03
    47  8.2000E+04  4.387E-03  4.387E-03  1.377E-03  1.377E-03
    48  7.5000E+04  4.225E-03  4.225E-03  4.546E-03  4.546E-03
    49  7.3000E+04  4.203E-03  4.203E-03  6.265E-04  6.265E-04
    50  6.0000E+04  4.143E-03  4.143E-03  8.587E-04  8.587E-04
    51  5.2000E+04  3.615E-03  3.615E-03  3.133E-03  3.133E-03
    52  5.0000E+04  3.310E-03  3.310E-03  1.166E-03  1.166E-03
    53  4.5000E+04  4.122E-03  4.122E-03  3.031E-04  3.031E-04
    54  3.0000E+04  4.077E-03  4.077E-03  3.032E-04  3.032E-04
    55  2.0000E+04  4.046E-03  4.046E-03  7.572E-04  7.572E-04
    56  1.7000E+04  4.067E-03  4.067E-03  4.589E-04  4.589E-04
    57  1.3000E+04  4.059E-03  4.059E-03  3.926E-04  3.926E-04
    58  9.5000E+03  4.048E-03  4.048E-03  7.327E-04  7.327E-04
    59  8.0300E+03  4.023E-03  4.023E-03  3.595E-04  3.595E-04
    60  5.7000E+03  4.019E-03  4.019E-03  3.249E-04  3.249E-04
    61  3.9000E+03  3.959E-03  3.959E-03  2.945E-03  2.945E-03
    62  3.7400E+03  4.020E-03  4.020E-03  5.600E-04  5.600E-04
    63  3.0000E+03  4.004E-03  4.004E-03  6.773E-04  6.773E-04
    64  2.5000E+03  4.003E-03  4.003E-03  1.173E-03  1.173E-03
    65  2.2500E+03  3.971E-03  3.971E-03  5.493E-03  5.493E-03
    66  2.2000E+03  3.998E-03  3.998E-03  6.159E-04  6.159E-04
    67  1.8000E+03  3.984E-03  3.984E-03  8.273E-04  8.273E-04
    68  1.5500E+03  3.888E-03  3.888E-03  3.769E-03  3.769E-03
    69  1.5000E+03  3.989E-03  3.989E-03  4.658E-04  4.658E-04
    70  1.1500E+03  3.974E-03  3.974E-03  6.479E-04  6.479E-04
    71  9.5000E+02  3.961E-03  3.961E-03  3.754E-04  3.754E-04
    72  6.8300E+02  3.857E-03  3.857E-03  6.419E-03  6.419E-03
    73  6.7000E+02  3.960E-03  3.960E-03  6.285E-04  6.285E-04
    74  5.5000E+02  3.932E-03  3.932E-03  2.105E-04  2.105E-04
    75  3.0500E+02  3.776E-03  3.776E-03  1.814E-03  1.814E-03
    76  2.8500E+02  3.916E-03  3.916E-03  7.276E-04  7.276E-04
    77  2.4000E+02  3.875E-03  3.875E-03  1.437E-03  1.437E-03
    78  2.2000E+02  3.876E-03  3.876E-03  2.562E-03  2.562E-03
    79  2.0950E+02  3.752E-03  3.752E-03  1.227E-02  1.227E-02
    80  2.0740E+02  3.911E-03  3.911E-03  4.754E-03  4.754E-03
    81  2.0200E+02  3.877E-03  3.877E-03  2.752E-03  2.752E-03
    82  1.9300E+02  3.860E-03  3.860E-03  1.607E-02  1.607E-02
    83  1.9150E+02  3.620E-03  3.620E-03  7.852E-03  7.852E-03
    84  1.8850E+02  4.196E-03  4.196E-03  2.950E-02  2.950E-02
    85  1.8770E+02  3.898E-03  3.898E-03  2.986E-03  2.986E-03
    86  1.8000E+02  3.862E-03  3.862E-03  2.198E-03  2.198E-03
    87  1.7000E+02  3.854E-03  3.854E-03  7.263E-04  7.263E-04
    88  1.4300E+02  3.845E-03  3.845E-03  7.917E-04  7.917E-04
    89  1.2200E+02  3.841E-03  3.841E-03  5.058E-03  5.058E-03
    90  1.1900E+02  3.827E-03  3.827E-03  9.921E-03  9.921E-03
    91  1.1750E+02  3.686E-03  3.686E-03  9.571E-03  9.571E-03
    92  1.1600E+02  3.863E-03  3.863E-03  4.814E-03  4.814E-03
    93  1.1300E+02  3.834E-03  3.834E-03  2.786E-03  2.786E-03
    94  1.0800E+02  3.826E-03  3.826E-03  4.477E-03  4.477E-03
    95  1.0500E+02  3.719E-03  3.719E-03  3.374E-03  3.374E-03
    96  1.0120E+02  3.849E-03  3.849E-03  2.985E-03  2.985E-03
    97  9.7000E+01  3.806E-03  3.806E-03  1.688E-03  1.688E-03
    98  9.0000E+01  3.800E-03  3.800E-03  1.308E-03  1.308E-03
    99  8.1700E+01  3.780E-03  3.780E-03  5.993E-03  5.993E-03
   100  8.0000E+01  3.797E-03  3.797E-03  2.471E-03  2.471E-03
   101  7.6000E+01  3.789E-03  3.789E-03  2.347E-03  2.347E-03
   102  7.2000E+01  3.788E-03  3.788E-03  1.967E-03  1.967E-03
   103  6.7500E+01  3.670E-03  3.670E-03  3.282E-03  3.282E-03
   104  6.5000E+01  3.782E-03  3.782E-03  4.074E-03  4.074E-03
   105  6.3000E+01  3.771E-03  3.771E-03  3.951E-03  3.951E-03
   106  6.1000E+01  3.760E-03  3.760E-03  2.528E-03  2.528E-03
   107  5.8000E+01  3.741E-03  3.741E-03  1.543E-03  1.543E-03
   108  5.3400E+01  3.734E-03  3.734E-03  2.368E-03  2.368E-03
   109  5.0600E+01  3.732E-03  3.732E-03  2.731E-03  2.731E-03
   110  4.8300E+01  3.733E-03  3.733E-03  1.921E-03  1.921E-03
   111  4.5200E+01  3.728E-03  3.728E-03  4.744E-03  4.744E-03
   112  4.4000E+01  3.727E-03  3.727E-03  3.447E-03  3.447E-03
   113  4.2400E+01  3.717E-03  3.717E-03  3.807E-03  3.807E-03
   114  4.1000E+01  3.721E-03  3.721E-03  3.688E-03  3.688E-03
   115  3.9600E+01  3.685E-03  3.685E-03  1.008E-02  1.008E-02
   116  3.9100E+01  3.718E-03  3.718E-03  4.495E-03  4.495E-03
   117  3.8000E+01  3.713E-03  3.713E-03  1.310E-02  1.310E-02
   118  3.7630E+01  3.697E-03  3.697E-03  1.331E-02  1.331E-02
   119  3.7270E+01  3.636E-03  3.636E-03  3.374E-02  3.374E-02
   120  3.7130E+01  3.445E-03  3.445E-03  3.533E-02  3.533E-02
   121  3.7000E+01  3.309E-03  3.309E-03  4.273E-03  4.273E-03
   122  3.6000E+01  3.739E-03  3.739E-03  9.275E-03  9.275E-03
   123  3.5500E+01  3.592E-03  3.592E-03  9.159E-03  9.159E-03
   124  3.5000E+01  3.627E-03  3.627E-03  3.567E-03  3.567E-03
   125  3.3750E+01  3.620E-03  3.620E-03  8.675E-03  8.675E-03
   126  3.3250E+01  3.634E-03  3.634E-03  2.815E-03  2.815E-03
   127  3.1750E+01  3.640E-03  3.640E-03  8.195E-03  8.195E-03
   128  3.1250E+01  3.628E-03  3.628E-03  3.187E-03  3.187E-03
   129  3.0000E+01  3.622E-03  3.622E-03  1.491E-03  1.491E-03
   130  2.7500E+01  3.608E-03  3.608E-03  1.366E-03  1.366E-03
   131  2.5000E+01  3.594E-03  3.594E-03  1.241E-03  1.241E-03
   132  2.2500E+01  3.603E-03  3.603E-03  3.875E-03  3.875E-03
   133  2.1750E+01  3.573E-03  3.573E-03  5.108E-03  5.108E-03
   134  2.1200E+01  3.042E-03  3.042E-03  3.444E-03  3.444E-03
   135  2.0500E+01  3.541E-03  3.541E-03  5.412E-03  5.412E-03
   136  2.0000E+01  3.493E-03  3.493E-03  4.397E-03  4.397E-03
   137  1.9400E+01  3.457E-03  3.457E-03  2.819E-03  2.819E-03
   138  1.8500E+01  3.479E-03  3.479E-03  1.587E-03  1.587E-03
   139  1.7000E+01  3.460E-03  3.460E-03  2.212E-03  2.212E-03
   140  1.6000E+01  3.449E-03  3.449E-03  1.274E-03  1.274E-03
   141  1.4400E+01  3.446E-03  3.446E-03  1.223E-03  1.223E-03
   142  1.2900E+01  3.405E-03  3.405E-03  1.661E-03  1.661E-03
   143  1.1900E+01  3.388E-03  3.388E-03  3.903E-03  3.903E-03
   144  1.1500E+01  3.417E-03  3.417E-03  9.655E-04  9.655E-04
   145  1.0000E+01  3.399E-03  3.399E-03  1.430E-03  1.430E-03
   146  9.1000E+00  3.349E-03  3.349E-03  1.156E-03  1.156E-03
   147  8.1000E+00  3.374E-03  3.374E-03  1.093E-03  1.093E-03
   148  7.1500E+00  3.336E-03  3.336E-03  6.462E-03  6.462E-03
   149  7.0000E+00  3.328E-03  3.328E-03  7.587E-03  7.587E-03
   150  6.8750E+00  3.056E-03  3.056E-03  6.932E-03  6.932E-03
   151  6.7500E+00  2.683E-03  2.683E-03  3.080E-03  3.080E-03
   152  6.5000E+00  3.156E-03  3.156E-03  3.584E-03  3.584E-03
   153  6.2500E+00  3.203E-03  3.203E-03  3.505E-03  3.505E-03
   154  6.0000E+00  3.182E-03  3.182E-03  1.361E-03  1.361E-03
   155  5.4000E+00  3.159E-03  3.159E-03  1.864E-03  1.864E-03
   156  5.0000E+00  3.320E-03  3.320E-03  2.312E-03  2.312E-03
   157  4.7000E+00  3.459E-03  3.459E-03  1.052E-03  1.052E-03
   158  4.1000E+00  3.376E-03  3.376E-03  1.520E-03  1.520E-03
   159  3.7300E+00  3.152E-03  3.152E-03  2.258E-03  2.258E-03
   160  3.5000E+00  3.178E-03  3.178E-03  1.606E-03  1.606E-03
   161  3.2000E+00  3.253E-03  3.253E-03  4.533E-03  4.533E-03
   162  3.1000E+00  3.429E-03  3.429E-03  4.390E-03  4.390E-03
   163  3.0000E+00  3.565E-03  3.565E-03  1.432E-02  1.432E-02
   164  2.9700E+00  3.363E-03  3.363E-03  4.203E-03  4.203E-03
   165  2.8700E+00  3.310E-03  3.310E-03  4.059E-03  4.059E-03
   166  2.7700E+00  3.319E-03  3.319E-03  3.915E-03  3.915E-03
   167  2.6700E+00  3.328E-03  3.328E-03  3.772E-03  3.772E-03
   168  2.5700E+00  3.337E-03  3.337E-03  3.628E-03  3.628E-03
   169  2.4700E+00  3.346E-03  3.346E-03  3.880E-03  3.880E-03
   170  2.3800E+00  3.354E-03  3.354E-03  4.212E-03  4.212E-03
   171  2.3000E+00  3.362E-03  3.362E-03  3.608E-03  3.608E-03
   172  2.2100E+00  3.372E-03  3.372E-03  3.464E-03  3.464E-03
   173  2.1200E+00  3.385E-03  3.385E-03  2.469E-03  2.469E-03
   174  2.0000E+00  3.431E-03  3.431E-03  4.728E-03  4.728E-03
   175  1.9400E+00  3.449E-03  3.449E-03  3.423E-03  3.423E-03
   176  1.8600E+00  3.476E-03  3.476E-03  2.908E-03  2.908E-03
   177  1.7700E+00  3.506E-03  3.506E-03  2.764E-03  2.764E-03
   178  1.6800E+00  3.535E-03  3.535E-03  2.620E-03  2.620E-03
   179  1.5900E+00  3.561E-03  3.561E-03  2.476E-03  2.476E-03
   180  1.5000E+00  3.582E-03  3.582E-03  4.256E-03  4.256E-03
   181  1.4500E+00  3.597E-03  3.597E-03  4.112E-03  4.112E-03
   182  1.4000E+00  3.612E-03  3.612E-03  3.968E-03  3.968E-03
   183  1.3500E+00  3.628E-03  3.628E-03  3.824E-03  3.824E-03
   184  1.3000E+00  3.645E-03  3.645E-03  3.679E-03  3.679E-03
   185  1.2500E+00  3.658E-03  3.658E-03  7.143E-03  7.143E-03
   186  1.2250E+00  3.665E-03  3.665E-03  6.999E-03  6.999E-03
   187  1.2000E+00  3.673E-03  3.673E-03  6.856E-03  6.856E-03
   188  1.1750E+00  3.682E-03  3.682E-03  6.713E-03  6.713E-03
   189  1.1500E+00  3.689E-03  3.689E-03  1.653E-02  1.653E-02
   190  1.1400E+00  3.694E-03  3.694E-03  1.639E-02  1.639E-02
   191  1.1300E+00  3.700E-03  3.700E-03  1.625E-02  1.625E-02
   192  1.1200E+00  3.707E-03  3.707E-03  1.611E-02  1.611E-02
   193  1.1100E+00  3.714E-03  3.714E-03  1.596E-02  1.596E-02
   194  1.1000E+00  3.721E-03  3.721E-03  1.582E-02  1.582E-02
   195  1.0900E+00  3.730E-03  3.730E-03  1.568E-02  1.568E-02
   196  1.0800E+00  3.738E-03  3.738E-03  1.553E-02  1.553E-02
   197  1.0700E+00  3.747E-03  3.747E-03  1.539E-02  1.539E-02
   198  1.0600E+00  3.756E-03  3.756E-03  1.524E-02  1.524E-02
   199  1.0500E+00  3.766E-03  3.766E-03  1.510E-02  1.510E-02
   200  1.0400E+00  3.776E-03  3.776E-03  1.496E-02  1.496E-02
   201  1.0300E+00  3.787E-03  3.787E-03  1.481E-02  1.481E-02
   202  1.0200E+00  3.798E-03  3.798E-03  1.467E-02  1.467E-02
   203  1.0100E+00  3.809E-03  3.809E-03  1.452E-02  1.452E-02
   204  1.0000E+00  3.830E-03  3.830E-03  5.708E-03  5.708E-03
   205  9.7500E-01  3.863E-03  3.863E-03  5.564E-03  5.564E-03
   206  9.5000E-01  3.898E-03  3.898E-03  5.419E-03  5.419E-03
   207  9.2500E-01  3.937E-03  3.937E-03  5.275E-03  5.275E-03
   208  9.0000E-01  4.003E-03  4.003E-03  2.528E-03  2.528E-03
   209  8.5000E-01  4.108E-03  4.108E-03  2.384E-03  2.384E-03
   210  8.0000E-01  4.247E-03  4.247E-03  2.239E-03  2.239E-03
   211  7.5000E-01  4.438E-03  4.438E-03  2.095E-03  2.095E-03
   212  7.0000E-01  4.695E-03  4.695E-03  1.950E-03  1.950E-03
   213  6.5000E-01  4.940E-03  4.940E-03  3.685E-03  3.685E-03
   214  6.2500E-01  5.145E-03  5.145E-03  3.541E-03  3.541E-03
   215  6.0000E-01  5.519E-03  5.519E-03  1.661E-03  1.661E-03
   216  5.5000E-01  6.161E-03  6.161E-03  1.517E-03  1.517E-03
   217  5.0000E-01  7.014E-03  7.014E-03  1.372E-03  1.372E-03
   218  4.5000E-01  8.111E-03  8.111E-03  1.227E-03  1.227E-03
   219  4.0000E-01  9.091E-03  9.091E-03  2.240E-03  2.240E-03
   220  3.7500E-01  9.850E-03  9.850E-03  2.095E-03  2.095E-03
   221  3.5000E-01  1.066E-02  1.066E-02  1.951E-03  1.951E-03
   222  3.2500E-01  1.149E-02  1.149E-02  1.806E-03  1.806E-03
   223  3.0000E-01  1.235E-02  1.235E-02  1.661E-03  1.661E-03
   224  2.7500E-01  1.317E-02  1.317E-02  1.516E-03  1.516E-03
   225  2.5000E-01  1.389E-02  1.389E-02  1.372E-03  1.372E-03
   226  2.2500E-01  1.440E-02  1.440E-02  1.227E-03  1.227E-03
   227  2.0000E-01  1.457E-02  1.457E-02  1.083E-03  1.083E-03
   228  1.7500E-01  1.426E-02  1.426E-02  9.385E-04  9.385E-04
   229  1.5000E-01  1.330E-02  1.330E-02  7.940E-04  7.940E-04
   230  1.2500E-01  1.174E-02  1.174E-02  6.492E-04  6.492E-04
   231  1.0000E-01  1.025E-02  1.025E-02  1.376E-03  1.376E-03
   232  9.0000E-02  9.126E-03  9.126E-03  1.231E-03  1.231E-03
   233  8.0000E-02  7.860E-03  7.860E-03  1.086E-03  1.086E-03
   234  7.0000E-02  6.528E-03  6.528E-03  9.415E-04  9.415E-04
   235  6.0000E-02  5.162E-03  5.162E-03  7.964E-04  7.964E-04
   236  5.0000E-02  3.804E-03  3.804E-03  6.510E-04  6.510E-04
   237  4.0000E-02  2.507E-03  2.507E-03  5.052E-04  5.052E-04
   238  3.0000E-02  1.683E-03  1.683E-03  8.531E-04  8.531E-04
   239  2.5300E-02  6.847E-04  6.847E-04  1.566E-04  1.566E-04
   240  1.0000E-02  1.915E-04  1.915E-04  5.051E-04  5.051E-04
   241  7.5000E-03  9.909E-05  9.909E-05  3.583E-04  3.583E-04
   242  5.0000E-03  5.239E-05  5.239E-05  6.510E-04  6.510E-04
   243  4.0000E-03  3.179E-05  3.179E-05  5.049E-04  5.049E-04
   244  3.0000E-03  1.981E-05  1.981E-05  7.966E-04  7.966E-04
   245  2.5000E-03  1.329E-05  1.329E-05  6.508E-04  6.508E-04
   246  2.0000E-03  7.825E-06  7.825E-06  5.048E-04  5.048E-04
   247  1.5000E-03  4.215E-06  4.215E-06  6.510E-04  6.510E-04
   248  1.2000E-03  2.557E-06  2.557E-06  7.968E-04  7.968E-04
   249  1.0000E-03  1.444E-06  1.444E-06  5.051E-04  5.051E-04
   250  7.5000E-04  6.402E-07  6.402E-07  3.585E-04  3.585E-04
   251  5.0000E-04  7.550E-08  7.550E-08  9.044E-05  9.044E-05
   252  1.0000E-04  4.135E-10  4.135E-10  6.340E-05  6.340E-05


     1  2.0000E+07  0.000E+00  0.000E+00  7.776E-04  7.776E-04
     2  1.7330E+07  0.000E+00  0.000E+00  1.141E-03  1.141E-03
     3  1.5680E+07  0.000E+00  0.000E+00  1.548E-03  1.548E-03
     4  1.4550E+07  2.309E-09  2.309E-09  2.296E-03  2.296E-03
     5  1.3840E+07  2.129E-06  2.129E-06  1.511E-03  1.511E-03
     6  1.2840E+07  1.786E-05  1.786E-05  4.457E-04  4.457E-04
     7  1.0000E+07  6.937E-05  6.937E-05  5.498E-04  5.498E-04
     8  8.1870E+06  2.408E-04  2.408E-04  5.029E-04  5.029E-04
     9  6.4340E+06  6.548E-04  6.548E-04  4.251E-04  4.251E-04
    10  4.8000E+06  1.065E-03  1.065E-03  1.145E-03  1.145E-03
    11  4.3040E+06  1.435E-03  1.435E-03  3.446E-04  3.446E-04
    12  3.0000E+06  2.404E-03  2.404E-03  6.429E-04  6.429E-04
    13  2.4790E+06  3.121E-03  3.121E-03  2.365E-03  2.365E-03
    14  2.3540E+06  3.822E-03  3.822E-03  5.085E-04  5.085E-04
    15  1.8500E+06  4.505E-03  4.505E-03  5.851E-04  5.851E-04
    16  1.5000E+06  4.741E-03  4.741E-03  1.780E-03  1.780E-03
    17  1.4000E+06  4.701E-03  4.701E-03  3.846E-03  3.846E-03
    18  1.3560E+06  4.647E-03  4.647E-03  4.209E-03  4.209E-03
    19  1.3170E+06  4.559E-03  4.559E-03  2.352E-03  2.352E-03
    20  1.2500E+06  4.562E-03  4.562E-03  3.009E-03  3.009E-03
    21  1.2000E+06  4.759E-03  4.759E-03  1.412E-03  1.412E-03
    22  1.1000E+06  4.859E-03  4.859E-03  1.439E-03  1.439E-03
    23  1.0100E+06  4.787E-03  4.787E-03  1.316E-03  1.316E-03
    24  9.2000E+05  4.762E-03  4.762E-03  5.589E-03  5.589E-03
    25  9.0000E+05  4.836E-03  4.836E-03  4.361E-03  4.361E-03
    26  8.7500E+05  4.821E-03  4.821E-03  7.672E-03  7.672E-03
    27  8.6110E+05  4.850E-03  4.850E-03  2.512E-03  2.512E-03
    28  8.2000E+05  4.910E-03  4.910E-03  1.377E-03  1.377E-03
    29  7.5000E+05  4.952E-03  4.952E-03  1.235E-03  1.235E-03
    30  6.7900E+05  4.908E-03  4.908E-03  9.208E-03  9.208E-03
    31  6.7000E+05  4.642E-03  4.642E-03  1.113E-03  1.113E-03
    32  6.0000E+05  4.655E-03  4.655E-03  2.668E-03  2.668E-03
    33  5.7300E+05  4.734E-03  4.734E-03  2.999E-03  2.999E-03
    34  5.5000E+05  4.549E-03  4.549E-03  1.103E-03  1.103E-03
    35  4.9200E+05  4.592E-03  4.592E-03  2.686E-03  2.686E-03
    36  4.7000E+05  4.346E-03  4.346E-03  1.863E-03  1.863E-03
    37  4.4000E+05  3.964E-03  3.964E-03  2.641E-03  2.641E-03
    38  4.2000E+05  3.977E-03  3.977E-03  2.518E-03  2.518E-03
    39  4.0000E+05  3.723E-03  3.723E-03  6.387E-04  6.387E-04
    40  3.3000E+05  3.195E-03  3.195E-03  6.123E-04  6.123E-04
    41  2.7000E+05  3.274E-03  3.274E-03  4.095E-04  4.095E-04
    42  2.0000E+05  3.836E-03  3.836E-03  4.175E-04  4.175E-04
    43  1.4900E+05  3.984E-03  3.984E-03  8.216E-04  8.216E-04
    44  1.2830E+05  3.543E-03  3.543E-03  4.932E-04  4.932E-04
    45  1.0000E+05  3.562E-03  3.562E-03  7.563E-04  7.563E-04
    46  8.5000E+04  4.463E-03  4.463E-03  3.421E-03  3.421E-03
    47  8.2000E+04  4.393E-03  4.393E-03  1.378E-03  1.378E-03
    48  7.5000E+04  4.231E-03  4.231E-03  4.548E-03  4.548E-03
    49  7.3000E+04  4.209E-03  4.209E-03  6.269E-04  6.269E-04
    50  6.0000E+04  4.149E-03  4.149E-03  8.592E-04  8.592E-04
    51  5.2000E+04  3.620E-03  3.620E-03  3.135E-03  3.135E-03
    52  5.0000E+04  3.314E-03  3.314E-03  1.167E-03  1.167E-03
    53  4.5000E+04  4.128E-03  4.128E-03  3.033E-04  3.033E-04
    54  3.0000E+04  4.083E-03  4.083E-03  3.034E-04  3.034E-04
    55  2.0000E+04  4.049E-03  4.049E-03  7.577E-04  7.577E-04
    56  1.7000E+04  4.072E-03  4.072E-03  4.591E-04  4.591E-04
    57  1.3000E+04  4.065E-03  4.065E-03  3.928E-04  3.928E-04
    58  9.5000E+03  4.054E-03  4.054E-03  7.330E-04  7.330E-04
    59  8.0300E+03  4.029E-03  4.029E-03  3.597E-04  3.597E-04
    60  5.7000E+03  4.025E-03  4.025E-03  3.251E-04  3.251E-04
    61  3.9000E+03  3.964E-03  3.964E-03  2.947E-03  2.947E-03
    62  3.7400E+03  4.025E-03  4.025E-03  5.603E-04  5.603E-04
    63  3.0000E+03  4.010E-03  4.010E-03  6.776E-04  6.776E-04
    64  2.5000E+03  4.009E-03  4.009E-03  1.173E-03  1.173E-03
    65  2.2500E+03  3.977E-03  3.977E-03  5.496E-03  5.496E-03
    66  2.2000E+03  4.004E-03  4.004E-03  6.162E-04  6.162E-04
    67  1.8000E+03  3.990E-03  3.990E-03  8.277E-04  8.277E-04
    68  1.5500E+03  3.893E-03  3.893E-03  3.771E-03  3.771E-03
    69  1.5000E+03  3.995E-03  3.995E-03  4.660E-04  4.660E-04
    70  1.1500E+03  3.980E-03  3.980E-03  6.483E-04  6.483E-04
    71  9.5000E+02  3.967E-03  3.967E-03  3.755E-04  3.755E-04
    72  6.8300E+02  3.863E-03  3.863E-03  6.422E-03  6.422E-03
    73  6.7000E+02  3.966E-03  3.966E-03  6.288E-04  6.288E-04
    74  5.5000E+02  3.938E-03  3.938E-03  2.106E-04  2.106E-04
    75  3.0500E+02  3.781E-03  3.781E-03  1.815E-03  1.815E-03
    76  2.8500E+02  3.922E-03  3.922E-03  7.279E-04  7.279E-04
    77  2.4000E+02  3.881E-03  3.881E-03  1.438E-03  1.438E-03
    78  2.2000E+02  3.882E-03  3.882E-03  2.563E-03  2.563E-03
    79  2.0950E+02  3.758E-03  3.758E-03  1.227E-02  1.227E-02
    80  2.0740E+02  3.917E-03  3.917E-03  4.755E-03  4.755E-03
    81  2.0200E+02  3.883E-03  3.883E-03  2.753E-03  2.753E-03
    82  1.9300E+02  3.867E-03  3.867E-03  1.607E-02  1.607E-02
    83  1.9150E+02  3.626E-03  3.626E-03  7.855E-03  7.855E-03
    84  1.8850E+02  4.202E-03  4.202E-03  2.951E-02  2.951E-02
    85  1.8770E+02  3.904E-03  3.904E-03  2.987E-03  2.987E-03
    86  1.8000E+02  3.868E-03  3.868E-03  2.199E-03  2.199E-03
    87  1.7000E+02  3.860E-03  3.860E-03  7.266E-04  7.266E-04
    88  1.4300E+02  3.851E-03  3.851E-03  7.920E-04  7.920E-04
    89  1.2200E+02  3.848E-03  3.848E-03  5.059E-03  5.059E-03
    90  1.1900E+02  3.833E-03  3.833E-03  9.924E-03  9.924E-03
    91  1.1750E+02  3.691E-03  3.691E-03  9.574E-03  9.574E-03
    92  1.1600E+02  3.869E-03  3.869E-03  4.815E-03  4.815E-03
    93  1.1300E+02  3.840E-03  3.840E-03  2.787E-03  2.787E-03
    94  1.0800E+02  3.832E-03  3.832E-03  4.478E-03  4.478E-03
    95  1.0500E+02  3.725E-03  3.725E-03  3.375E-03  3.375E-03
    96  1.0120E+02  3.855E-03  3.855E-03  2.986E-03  2.986E-03
    97  9.7000E+01  3.812E-03  3.812E-03  1.688E-03  1.688E-03
    98  9.0000E+01  3.807E-03  3.807E-03  1.309E-03  1.309E-03
    99  8.1700E+01  3.786E-03  3.786E-03  5.995E-03  5.995E-03
   100  8.0000E+01  3.803E-03  3.803E-03  2.472E-03  2.472E-03
   101  7.6000E+01  3.795E-03  3.795E-03  2.347E-03  2.347E-03
   102  7.2000E+01  3.794E-03  3.794E-03  1.967E-03  1.967E-03
   103  6.7500E+01  3.676E-03  3.676E-03  3.283E-03  3.283E-03
   104  6.5000E+01  3.788E-03  3.788E-03  4.075E-03  4.075E-03
   105  6.3000E+01  3.777E-03  3.777E-03  3.952E-03  3.952E-03
   106  6.1000E+01  3.766E-03  3.766E-03  2.528E-03  2.528E-03
   107  5.8000E+01  3.747E-03  3.747E-03  1.543E-03  1.543E-03
   108  5.3400E+01  3.740E-03  3.740E-03  2.369E-03  2.369E-03
   109  5.0600E+01  3.738E-03  3.738E-03  2.731E-03  2.731E-03
   110  4.8300E+01  3.739E-03  3.739E-03  1.922E-03  1.922E-03
   111  4.5200E+01  3.734E-03  3.734E-03  4.745E-03  4.745E-03
   112  4.4000E+01  3.733E-03  3.733E-03  3.447E-03  3.447E-03
   113  4.2400E+01  3.723E-03  3.723E-03  3.807E-03  3.807E-03
   114  4.1000E+01  3.727E-03  3.727E-03  3.689E-03  3.689E-03
   115  3.9600E+01  3.692E-03  3.692E-03  1.008E-02  1.008E-02
   116  3.9100E+01  3.724E-03  3.724E-03  4.495E-03  4.495E-03
   117  3.8000E+01  3.719E-03  3.719E-03  1.310E-02  1.310E-02
   118  3.7630E+01  3.703E-03  3.703E-03  1.331E-02  1.331E-02
   119  3.7270E+01  3.642E-03  3.642E-03  3.375E-02  3.375E-02
   120  3.7130E+01  3.451E-03  3.451E-03  3.534E-02  3.534E-02
   121  3.7000E+01  3.314E-03  3.314E-03  4.274E-03  4.274E-03
   122  3.6000E+01  3.746E-03  3.746E-03  9.277E-03  9.277E-03
   123  3.5500E+01  3.598E-03  3.598E-03  9.162E-03  9.162E-03
   124  3.5000E+01  3.633E-03  3.633E-03  3.568E-03  3.568E-03
   125  3.3750E+01  3.626E-03  3.626E-03  8.676E-03  8.676E-03
   126  3.3250E+01  3.641E-03  3.641E-03  2.816E-03  2.816E-03
   127  3.1750E+01  3.646E-03  3.646E-03  8.196E-03  8.196E-03
   128  3.1250E+01  3.634E-03  3.634E-03  3.187E-03  3.187E-03
   129  3.0000E+01  3.628E-03  3.628E-03  1.491E-03  1.491E-03
   130  2.7500E+01  3.614E-03  3.614E-03  1.366E-03  1.366E-03
   131  2.5000E+01  3.600E-03  3.600E-03  1.241E-03  1.241E-03
   132  2.2500E+01  3.609E-03  3.609E-03  3.875E-03  3.875E-03
   133  2.1750E+01  3.579E-03  3.579E-03  5.108E-03  5.108E-03
   134  2.1200E+01  3.048E-03  3.048E-03  3.444E-03  3.444E-03
   135  2.0500E+01  3.547E-03  3.547E-03  5.412E-03  5.412E-03
   136  2.0000E+01  3.499E-03  3.499E-03  4.397E-03  4.397E-03
   137  1.9400E+01  3.463E-03  3.463E-03  2.819E-03  2.819E-03
   138  1.8500E+01  3.485E-03  3.485E-03  1.587E-03  1.587E-03
   139  1.7000E+01  3.466E-03  3.466E-03  2.211E-03  2.211E-03
   140  1.6000E+01  3.455E-03  3.455E-03  1.274E-03  1.274E-03
   141  1.4400E+01  3.452E-03  3.452E-03  1.223E-03  1.223E-03
   142  1.2900E+01  3.411E-03  3.411E-03  1.660E-03  1.660E-03
   143  1.1900E+01  3.394E-03  3.394E-03  3.902E-03  3.902E-03
   144  1.1500E+01  3.423E-03  3.423E-03  9.653E-04  9.653E-04
   145  1.0000E+01  3.405E-03  3.405E-03  1.430E-03  1.430E-03
   146  9.1000E+00  3.355E-03  3.355E-03  1.156E-03  1.156E-03
   147  8.1000E+00  3.380E-03  3.380E-03  1.093E-03  1.093E-03
   148  7.1500E+00  3.342E-03  3.342E-03  6.460E-03  6.460E-03
   149  7.0000E+00  3.334E-03  3.334E-03  7.584E-03  7.584E-03
   150  6.8750E+00  3.062E-03  3.062E-03  6.930E-03  6.930E-03
   151  6.7500E+00  2.688E-03  2.688E-03  3.079E-03  3.079E-03
   152  6.5000E+00  3.162E-03  3.162E-03  3.583E-03  3.583E-03
   153  6.2500E+00  3.209E-03  3.209E-03  3.504E-03  3.504E-03
   154  6.0000E+00  3.187E-03  3.187E-03  1.360E-03  1.360E-03
   155  5.4000E+00  3.164E-03  3.164E-03  1.864E-03  1.864E-03
   156  5.0000E+00  3.326E-03  3.326E-03  2.312E-03  2.312E-03
   157  4.7000E+00  3.465E-03  3.465E-03  1.052E-03  1.052E-03
   158  4.1000E+00  3.382E-03  3.382E-03  1.520E-03  1.520E-03
   159  3.7300E+00  3.157E-03  3.157E-03  2.257E-03  2.257E-03
   160  3.5000E+00  3.183E-03  3.183E-03  1.605E-03  1.605E-03
   161  3.2000E+00  3.258E-03  3.258E-03  4.532E-03  4.532E-03
   162  3.1000E+00  3.435E-03  3.435E-03  4.389E-03  4.389E-03
   163  3.0000E+00  3.572E-03  3.572E-03  1.432E-02  1.432E-02
   164  2.9700E+00  3.369E-03  3.369E-03  4.202E-03  4.202E-03
   165  2.8700E+00  3.316E-03  3.316E-03  4.058E-03  4.058E-03
   166  2.7700E+00  3.325E-03  3.325E-03  3.914E-03  3.914E-03
   167  2.6700E+00  3.334E-03  3.334E-03  3.770E-03  3.770E-03
   168  2.5700E+00  3.343E-03  3.343E-03  3.627E-03  3.627E-03
   169  2.4700E+00  3.352E-03  3.352E-03  3.879E-03  3.879E-03
   170  2.3800E+00  3.360E-03  3.360E-03  4.211E-03  4.211E-03
   171  2.3000E+00  3.368E-03  3.368E-03  3.607E-03  3.607E-03
   172  2.2100E+00  3.378E-03  3.378E-03  3.463E-03  3.463E-03
   173  2.1200E+00  3.391E-03  3.391E-03  2.468E-03  2.468E-03
   174  2.0000E+00  3.438E-03  3.438E-03  4.726E-03  4.726E-03
   175  1.9400E+00  3.455E-03  3.455E-03  3.422E-03  3.422E-03
   176  1.8600E+00  3.482E-03  3.482E-03  2.907E-03  2.907E-03
   177  1.7700E+00  3.512E-03  3.512E-03  2.763E-03  2.763E-03
   178  1.6800E+00  3.541E-03  3.541E-03  2.619E-03  2.619E-03
   179  1.5900E+00  3.568E-03  3.568E-03  2.475E-03  2.475E-03
   180  1.5000E+00  3.588E-03  3.588E-03  4.255E-03  4.255E-03
   181  1.4500E+00  3.603E-03  3.603E-03  4.111E-03  4.111E-03
   182  1.4000E+00  3.618E-03  3.618E-03  3.967E-03  3.967E-03
   183  1.3500E+00  3.634E-03  3.634E-03  3.822E-03  3.822E-03
   184  1.3000E+00  3.651E-03  3.651E-03  3.678E-03  3.678E-03
   185  1.2500E+00  3.664E-03  3.664E-03  7.141E-03  7.141E-03
   186  1.2250E+00  3.672E-03  3.672E-03  6.997E-03  6.997E-03
   187  1.2000E+00  3.680E-03  3.680E-03  6.854E-03  6.854E-03
   188  1.1750E+00  3.688E-03  3.688E-03  6.711E-03  6.711E-03
   189  1.1500E+00  3.696E-03  3.696E-03  1.653E-02  1.653E-02
   190  1.1400E+00  3.701E-03  3.701E-03  1.639E-02  1.639E-02
   191  1.1300E+00  3.707E-03  3.707E-03  1.624E-02  1.624E-02
   192  1.1200E+00  3.713E-03  3.713E-03  1.610E-02  1.610E-02
   193  1.1100E+00  3.720E-03  3.720E-03  1.596E-02  1.596E-02
   194  1.1000E+00  3.728E-03  3.728E-03  1.581E-02  1.581E-02
   195  1.0900E+00  3.736E-03  3.736E-03  1.567E-02  1.567E-02
   196  1.0800E+00  3.745E-03  3.745E-03  1.553E-02  1.553E-02
   197  1.0700E+00  3.754E-03  3.754E-03  1.538E-02  1.538E-02
   198  1.0600E+00  3.763E-03  3.763E-03  1.524E-02  1.524E-02
   199  1.0500E+00  3.773E-03  3.773E-03  1.509E-02  1.509E-02
   200  1.0400E+00  3.783E-03  3.783E-03  1.495E-02  1.495E-02
   201  1.0300E+00  3.793E-03  3.793E-03  1.481E-02  1.481E-02
   202  1.0200E+00  3.804E-03  3.804E-03  1.466E-02  1.466E-02
   203  1.0100E+00  3.816E-03  3.816E-03  1.452E-02  1.452E-02
   204  1.0000E+00  3.837E-03  3.837E-03  5.706E-03  5.706E-03
   205  9.7500E-01  3.870E-03  3.870E-03  5.561E-03  5.561E-03
   206  9.5000E-01  3.905E-03  3.905E-03  5.417E-03  5.417E-03
   207  9.2500E-01  3.944E-03  3.944E-03  5.272E-03  5.272E-03
   208  9.0000E-01  4.010E-03  4.010E-03  2.527E-03  2.527E-03
   209  8.5000E-01  4.115E-03  4.115E-03  2.383E-03  2.383E-03
   210  8.0000E-01  4.253E-03  4.253E-03  2.238E-03  2.238E-03
   211  7.5000E-01  4.444E-03  4.444E-03  2.094E-03  2.094E-03
   212  7.0000E-01  4.700E-03  4.700E-03  1.949E-03  1.949E-03
   213  6.5000E-01  4.944E-03  4.944E-03  3.683E-03  3.683E-03
   214  6.2500E-01  5.148E-03  5.148E-03  3.539E-03  3.539E-03
   215  6.0000E-01  5.520E-03  5.520E-03  1.660E-03  1.660E-03
   216  5.5000E-01  6.159E-03  6.159E-03  1.516E-03  1.516E-03
   217  5.0000E-01  7.006E-03  7.006E-03  1.371E-03  1.371E-03
   218  4.5000E-01  8.095E-03  8.095E-03  1.227E-03  1.227E-03
   219  4.0000E-01  9.066E-03  9.066E-03  2.239E-03  2.239E-03
   220  3.7500E-01  9.818E-03  9.818E-03  2.094E-03  2.094E-03
   221  3.5000E-01  1.062E-02  1.062E-02  1.949E-03  1.949E-03
   222  3.2500E-01  1.144E-02  1.144E-02  1.804E-03  1.804E-03
   223  3.0000E-01  1.229E-02  1.229E-02  1.660E-03  1.660E-03
   224  2.7500E-01  1.311E-02  1.311E-02  1.515E-03  1.515E-03
   225  2.5000E-01  1.381E-02  1.381E-02  1.370E-03  1.370E-03
   226  2.2500E-01  1.431E-02  1.431E-02  1.226E-03  1.226E-03
   227  2.0000E-01  1.448E-02  1.448E-02  1.082E-03  1.082E-03
   228  1.7500E-01  1.416E-02  1.416E-02  9.372E-04  9.372E-04
   229  1.5000E-01  1.320E-02  1.320E-02  7.927E-04  7.927E-04
   230  1.2500E-01  1.164E-02  1.164E-02  6.479E-04  6.479E-04
   231  1.0000E-01  1.016E-02  1.016E-02  1.373E-03  1.373E-03
   232  9.0000E-02  9.048E-03  9.048E-03  1.228E-03  1.228E-03
   233  8.0000E-02  7.792E-03  7.792E-03  1.084E-03  1.084E-03
   234  7.0000E-02  6.471E-03  6.471E-03  9.395E-04  9.395E-04
   235  6.0000E-02  5.117E-03  5.117E-03  7.949E-04  7.949E-04
   236  5.0000E-02  3.771E-03  3.771E-03  6.499E-04  6.499E-04
   237  4.0000E-02  2.485E-03  2.485E-03  5.044E-04  5.044E-04
   238  3.0000E-02  1.668E-03  1.668E-03  8.520E-04  8.520E-04
   239  2.5300E-02  6.788E-04  6.788E-04  1.565E-04  1.565E-04
   240  1.0000E-02  1.898E-04  1.898E-04  5.049E-04  5.049E-04
   241  7.5000E-03  9.824E-05  9.824E-05  3.582E-04  3.582E-04
   242  5.0000E-03  5.194E-05  5.194E-05  6.508E-04  6.508E-04
   243  4.0000E-03  3.151E-05  3.151E-05  5.048E-04  5.048E-04
   244  3.0000E-03  1.964E-05  1.964E-05  7.965E-04  7.965E-04
   245  2.5000E-03  1.318E-05  1.318E-05  6.508E-04  6.508E-04
   246  2.0000E-03  7.758E-06  7.758E-06  5.048E-04  5.048E-04
   247  1.5000E-03  4.178E-06  4.178E-06  6.510E-04  6.510E-04
   248  1.2000E-03  2.534E-06  2.534E-06  7.969E-04  7.969E-04
   249  1.0000E-03  1.432E-06  1.432E-06  5.052E-04  5.052E-04
   250  7.5000E-04  6.346E-07  6.346E-07  3.586E-04  3.586E-04
   251  5.0000E-04  7.483E-08  7.483E-08  9.048E-05  9.048E-05
   252  1.0000E-04  4.098E-10  4.098E-10  6.346E-05  6.346E-05


     1  2.0000E+07  0.000E+00  0.000E+00  7.808E-04  7.808E-04
     2  1.7330E+07  1.989E-11  1.989E-11  1.157E-03  1.157E-03
     3  1.5680E+07  5.007E-11  5.007E-11  1.562E-03  1.562E-03
     4  1.4550E+07  1.203E-08  1.203E-08  2.296E-03  2.296E-03
     5  1.3840E+07  2.166E-06  2.166E-06  1.511E-03  1.511E-03
     6  1.2840E+07  1.794E-05  1.794E-05  4.458E-04  4.458E-04
     7  1.0000E+07  6.958E-05  6.958E-05  5.500E-04  5.500E-04
     8  8.1870E+06  2.413E-04  2.413E-04  5.031E-04  5.031E-04
     9  6.4340E+06  6.555E-04  6.555E-04  4.252E-04  4.252E-04
    10  4.8000E+06  1.066E-03  1.066E-03  1.145E-03  1.145E-03
    11  4.3040E+06  1.435E-03  1.435E-03  3.447E-04  3.447E-04
    12  3.0000E+06  2.404E-03  2.404E-03  6.430E-04  6.430E-04
    13  2.4790E+06  3.121E-03  3.121E-03  2.366E-03  2.366E-03
    14  2.3540E+06  3.821E-03  3.821E-03  5.086E-04  5.086E-04
    15  1.8500E+06  4.503E-03  4.503E-03  5.853E-04  5.853E-04
    16  1.5000E+06  4.739E-03  4.739E-03  1.780E-03  1.780E-03
    17  1.4000E+06  4.699E-03  4.699E-03  3.847E-03  3.847E-03
    18  1.3560E+06  4.645E-03  4.645E-03  4.209E-03  4.209E-03
    19  1.3170E+06  4.557E-03  4.557E-03  2.353E-03  2.353E-03
    20  1.2500E+06  4.560E-03  4.560E-03  3.010E-03  3.010E-03
    21  1.2000E+06  4.756E-03  4.756E-03  1.412E-03  1.412E-03
    22  1.1000E+06  4.856E-03  4.856E-03  1.439E-03  1.439E-03
    23  1.0100E+06  4.785E-03  4.785E-03  1.317E-03  1.317E-03
    24  9.2000E+05  4.759E-03  4.759E-03  5.590E-03  5.590E-03
    25  9.0000E+05  4.833E-03  4.833E-03  4.362E-03  4.362E-03
    26  8.7500E+05  4.818E-03  4.818E-03  7.673E-03  7.673E-03
    27  8.6110E+05  4.847E-03  4.847E-03  2.512E-03  2.512E-03
    28  8.2000E+05  4.907E-03  4.907E-03  1.377E-03  1.377E-03
    29  7.5000E+05  4.949E-03  4.949E-03  1.236E-03  1.236E-03
    30  6.7900E+05  4.905E-03  4.905E-03  9.210E-03  9.210E-03
    31  6.7000E+05  4.639E-03  4.639E-03  1.114E-03  1.114E-03
    32  6.0000E+05  4.652E-03  4.652E-03  2.669E-03  2.669E-03
    33  5.7300E+05  4.731E-03  4.731E-03  3.000E-03  3.000E-03
    34  5.5000E+05  4.546E-03  4.546E-03  1.103E-03  1.103E-03
    35  4.9200E+05  4.589E-03  4.589E-03  2.686E-03  2.686E-03
    36  4.7000E+05  4.343E-03  4.343E-03  1.863E-03  1.863E-03
    37  4.4000E+05  3.962E-03  3.962E-03  2.642E-03  2.642E-03
    38  4.2000E+05  3.974E-03  3.974E-03  2.519E-03  2.519E-03
    39  4.0000E+05  3.720E-03  3.720E-03  6.389E-04  6.389E-04
    40  3.3000E+05  3.192E-03  3.192E-03  6.125E-04  6.125E-04
    41  2.7000E+05  3.271E-03  3.271E-03  4.096E-04  4.096E-04
    42  2.0000E+05  3.833E-03  3.833E-03  4.176E-04  4.176E-04
    43  1.4900E+05  3.981E-03  3.981E-03  8.218E-04  8.218E-04
    44  1.2830E+05  3.540E-03  3.540E-03  4.933E-04  4.933E-04
    45  1.0000E+05  3.559E-03  3.559E-03  7.564E-04  7.564E-04
    46  8.5000E+04  4.460E-03  4.460E-03  3.422E-03  3.422E-03
    47  8.2000E+04  4.390E-03  4.390E-03  1.378E-03  1.378E-03
    48  7.5000E+04  4.228E-03  4.228E-03  4.549E-03  4.549E-03
    49  7.3000E+04  4.206E-03  4.206E-03  6.270E-04  6.270E-04
    50  6.0000E+04  4.146E-03  4.146E-03  8.593E-04  8.593E-04
    51  5.2000E+04  3.617E-03  3.617E-03  3.135E-03  3.135E-03
    52  5.0000E+04  3.312E-03  3.312E-03  1.167E-03  1.167E-03
    53  4.5000E+04  4.125E-03  4.125E-03  3.034E-04  3.034E-04
    54  3.0000E+04  4.080E-03  4.080E-03  3.035E-04  3.035E-04
    55  2.0000E+04  4.046E-03  4.046E-03  7.578E-04  7.578E-04
    56  1.7000E+04  4.070E-03  4.070E-03  4.592E-04  4.592E-04
    57  1.3000E+04  4.063E-03  4.063E-03  3.928E-04  3.928E-04
    58  9.5000E+03  4.052E-03  4.052E-03  7.332E-04  7.332E-04
    59  8.0300E+03  4.027E-03  4.027E-03  3.597E-04  3.597E-04
    60  5.7000E+03  4.022E-03  4.022E-03  3.251E-04  3.251E-04
    61  3.9000E+03  3.962E-03  3.962E-03  2.948E-03  2.948E-03
    62  3.7400E+03  4.023E-03  4.023E-03  5.604E-04  5.604E-04
    63  3.0000E+03  4.007E-03  4.007E-03  6.778E-04  6.778E-04
    64  2.5000E+03  4.006E-03  4.006E-03  1.173E-03  1.173E-03
    65  2.2500E+03  3.975E-03  3.975E-03  5.497E-03  5.497E-03
    66  2.2000E+03  4.001E-03  4.001E-03  6.163E-04  6.163E-04
    67  1.8000E+03  3.987E-03  3.987E-03  8.278E-04  8.278E-04
    68  1.5500E+03  3.891E-03  3.891E-03  3.772E-03  3.772E-03
    69  1.5000E+03  3.992E-03  3.992E-03  4.661E-04  4.661E-04
    70  1.1500E+03  3.978E-03  3.978E-03  6.484E-04  6.484E-04
    71  9.5000E+02  3.965E-03  3.965E-03  3.756E-04  3.756E-04
    72  6.8300E+02  3.861E-03  3.861E-03  6.423E-03  6.423E-03
    73  6.7000E+02  3.964E-03  3.964E-03  6.289E-04  6.289E-04
    74  5.5000E+02  3.937E-03  3.937E-03  2.106E-04  2.106E-04
    75  3.0500E+02  3.779E-03  3.779E-03  1.815E-03  1.815E-03
    76  2.8500E+02  3.921E-03  3.921E-03  7.280E-04  7.280E-04
    77  2.4000E+02  3.880E-03  3.880E-03  1.438E-03  1.438E-03
    78  2.2000E+02  3.881E-03  3.881E-03  2.563E-03  2.563E-03
    79  2.0950E+02  3.757E-03  3.757E-03  1.228E-02  1.228E-02
    80  2.0740E+02  3.916E-03  3.916E-03  4.756E-03  4.756E-03
    81  2.0200E+02  3.881E-03  3.881E-03  2.753E-03  2.753E-03
    82  1.9300E+02  3.866E-03  3.866E-03  1.607E-02  1.607E-02
    83  1.9150E+02  3.625E-03  3.625E-03  7.856E-03  7.856E-03
    84  1.8850E+02  4.200E-03  4.200E-03  2.951E-02  2.951E-02
    85  1.8770E+02  3.903E-03  3.903E-03  2.987E-03  2.987E-03
    86  1.8000E+02  3.867E-03  3.867E-03  2.199E-03  2.199E-03
    87  1.7000E+02  3.859E-03  3.859E-03  7.266E-04  7.266E-04
    88  1.4300E+02  3.850E-03  3.850E-03  7.921E-04  7.921E-04
    89  1.2200E+02  3.846E-03  3.846E-03  5.059E-03  5.059E-03
    90  1.1900E+02  3.832E-03  3.832E-03  9.925E-03  9.925E-03
    91  1.1750E+02  3.691E-03  3.691E-03  9.575E-03  9.575E-03
    92  1.1600E+02  3.868E-03  3.868E-03  4.815E-03  4.815E-03
    93  1.1300E+02  3.838E-03  3.838E-03  2.787E-03  2.787E-03
    94  1.0800E+02  3.831E-03  3.831E-03  4.479E-03  4.479E-03
    95  1.0500E+02  3.725E-03  3.725E-03  3.375E-03  3.375E-03
    96  1.0120E+02  3.854E-03  3.854E-03  2.986E-03  2.986E-03
    97  9.7000E+01  3.812E-03  3.812E-03  1.689E-03  1.689E-03
    98  9.0000E+01  3.806E-03  3.806E-03  1.309E-03  1.309E-03
    99  8.1700E+01  3.785E-03  3.785E-03  5.995E-03  5.995E-03
   100  8.0000E+01  3.803E-03  3.803E-03  2.472E-03  2.472E-03
   101  7.6000E+01  3.794E-03  3.794E-03  2.347E-03  2.347E-03
   102  7.2000E+01  3.793E-03  3.793E-03  1.967E-03  1.967E-03
   103  6.7500E+01  3.676E-03  3.676E-03  3.283E-03  3.283E-03
   104  6.5000E+01  3.787E-03  3.787E-03  4.075E-03  4.075E-03
   105  6.3000E+01  3.776E-03  3.776E-03  3.952E-03  3.952E-03
   106  6.1000E+01  3.766E-03  3.766E-03  2.529E-03  2.529E-03
   107  5.8000E+01  3.747E-03  3.747E-03  1.544E-03  1.544E-03
   108  5.3400E+01  3.740E-03  3.740E-03  2.369E-03  2.369E-03
   109  5.0600E+01  3.738E-03  3.738E-03  2.731E-03  2.731E-03
   110  4.8300E+01  3.739E-03  3.739E-03  1.922E-03  1.922E-03
   111  4.5200E+01  3.733E-03  3.733E-03  4.745E-03  4.745E-03
   112  4.4000E+01  3.732E-03  3.732E-03  3.447E-03  3.447E-03
   113  4.2400E+01  3.723E-03  3.723E-03  3.807E-03  3.807E-03
   114  4.1000E+01  3.727E-03  3.727E-03  3.689E-03  3.689E-03
   115  3.9600E+01  3.693E-03  3.693E-03  1.008E-02  1.008E-02
   116  3.9100E+01  3.724E-03  3.724E-03  4.495E-03  4.495E-03
   117  3.8000E+01  3.719E-03  3.719E-03  1.310E-02  1.310E-02
   118  3.7630E+01  3.703E-03  3.703E-03  1.331E-02  1.331E-02
   119  3.7270E+01  3.642E-03  3.642E-03  3.375E-02  3.375E-02
   120  3.7130E+01  3.451E-03  3.451E-03  3.534E-02  3.534E-02
   121  3.7000E+01  3.314E-03  3.314E-03  4.274E-03  4.274E-03
   122  3.6000E+01  3.746E-03  3.746E-03  9.277E-03  9.277E-03
   123  3.5500E+01  3.600E-03  3.600E-03  9.164E-03  9.164E-03
   124  3.5000E+01  3.634E-03  3.634E-03  3.568E-03  3.568E-03
   125  3.3750E+01  3.627E-03  3.627E-03  8.677E-03  8.677E-03
   126  3.3250E+01  3.641E-03  3.641E-03  2.815E-03  2.815E-03
   127  3.1750E+01  3.647E-03  3.647E-03  8.195E-03  8.195E-03
   128  3.1250E+01  3.635E-03  3.635E-03  3.187E-03  3.187E-03
   129  3.0000E+01  3.628E-03  3.628E-03  1.491E-03  1.491E-03
   130  2.7500E+01  3.615E-03  3.615E-03  1.366E-03  1.366E-03
   131  2.5000E+01  3.602E-03  3.602E-03  1.241E-03  1.241E-03
   132  2.2500E+01  3.610E-03  3.610E-03  3.874E-03  3.874E-03
   133  2.1750E+01  3.581E-03  3.581E-03  5.108E-03  5.108E-03
   134  2.1200E+01  3.049E-03  3.049E-03  3.444E-03  3.444E-03
   135  2.0500E+01  3.549E-03  3.549E-03  5.410E-03  5.410E-03
   136  2.0000E+01  3.501E-03  3.501E-03  4.397E-03  4.397E-03
   137  1.9400E+01  3.466E-03  3.466E-03  2.819E-03  2.819E-03
   138  1.8500E+01  3.486E-03  3.486E-03  1.587E-03  1.587E-03
   139  1.7000E+01  3.468E-03  3.468E-03  2.211E-03  2.211E-03
   140  1.6000E+01  3.457E-03  3.457E-03  1.273E-03  1.273E-03
   141  1.4400E+01  3.454E-03  3.454E-03  1.222E-03  1.222E-03
   142  1.2900E+01  3.414E-03  3.414E-03  1.660E-03  1.660E-03
   143  1.1900E+01  3.397E-03  3.397E-03  3.902E-03  3.902E-03
   144  1.1500E+01  3.426E-03  3.426E-03  9.649E-04  9.649E-04
   145  1.0000E+01  3.408E-03  3.408E-03  1.429E-03  1.429E-03
   146  9.1000E+00  3.359E-03  3.359E-03  1.156E-03  1.156E-03
   147  8.1000E+00  3.383E-03  3.383E-03  1.092E-03  1.092E-03
   148  7.1500E+00  3.346E-03  3.346E-03  6.457E-03  6.457E-03
   149  7.0000E+00  3.337E-03  3.337E-03  7.580E-03  7.580E-03
   150  6.8750E+00  3.065E-03  3.065E-03  6.927E-03  6.927E-03
   151  6.7500E+00  2.691E-03  2.691E-03  3.078E-03  3.078E-03
   152  6.5000E+00  3.166E-03  3.166E-03  3.582E-03  3.582E-03
   153  6.2500E+00  3.212E-03  3.212E-03  3.502E-03  3.502E-03
   154  6.0000E+00  3.188E-03  3.188E-03  1.359E-03  1.359E-03
   155  5.4000E+00  3.165E-03  3.165E-03  1.863E-03  1.863E-03
   156  5.0000E+00  3.328E-03  3.328E-03  2.312E-03  2.312E-03
   157  4.7000E+00  3.467E-03  3.467E-03  1.052E-03  1.052E-03
   158  4.1000E+00  3.383E-03  3.383E-03  1.520E-03  1.520E-03
   159  3.7300E+00  3.159E-03  3.159E-03  2.257E-03  2.257E-03
   160  3.5000E+00  3.185E-03  3.185E-03  1.605E-03  1.605E-03
   161  3.2000E+00  3.260E-03  3.260E-03  4.532E-03  4.532E-03
   162  3.1000E+00  3.437E-03  3.437E-03  4.389E-03  4.389E-03
   163  3.0000E+00  3.574E-03  3.574E-03  1.432E-02  1.432E-02
   164  2.9700E+00  3.371E-03  3.371E-03  4.202E-03  4.202E-03
   165  2.8700E+00  3.318E-03  3.318E-03  4.058E-03  4.058E-03
   166  2.7700E+00  3.327E-03  3.327E-03  3.914E-03  3.914E-03
   167  2.6700E+00  3.336E-03  3.336E-03  3.770E-03  3.770E-03
   168  2.5700E+00  3.345E-03  3.345E-03  3.627E-03  3.627E-03
   169  2.4700E+00  3.354E-03  3.354E-03  3.878E-03  3.878E-03
   170  2.3800E+00  3.362E-03  3.362E-03  4.211E-03  4.211E-03
   171  2.3000E+00  3.370E-03  3.370E-03  3.607E-03  3.607E-03
   172  2.2100E+00  3.380E-03  3.380E-03  3.463E-03  3.463E-03
   173  2.1200E+00  3.393E-03  3.393E-03  2.468E-03  2.468E-03
   174  2.0000E+00  3.440E-03  3.440E-03  4.726E-03  4.726E-03
   175  1.9400E+00  3.457E-03  3.457E-03  3.422E-03  3.422E-03
   176  1.8600E+00  3.484E-03  3.484E-03  2.906E-03  2.906E-03
   177  1.7700E+00  3.515E-03  3.515E-03  2.763E-03  2.763E-03
   178  1.6800E+00  3.544E-03  3.544E-03  2.619E-03  2.619E-03
   179  1.5900E+00  3.570E-03  3.570E-03  2.475E-03  2.475E-03
   180  1.5000E+00  3.591E-03  3.591E-03  4.254E-03  4.254E-03
   181  1.4500E+00  3.606E-03  3.606E-03  4.110E-03  4.110E-03
   182  1.4000E+00  3.621E-03  3.621E-03  3.966E-03  3.966E-03
   183  1.3500E+00  3.637E-03  3.637E-03  3.822E-03  3.822E-03
   184  1.3000E+00  3.654E-03  3.654E-03  3.678E-03  3.678E-03
   185  1.2500E+00  3.667E-03  3.667E-03  7.141E-03  7.141E-03
   186  1.2250E+00  3.675E-03  3.675E-03  6.997E-03  6.997E-03
   187  1.2000E+00  3.682E-03  3.682E-03  6.854E-03  6.854E-03
   188  1.1750E+00  3.691E-03  3.691E-03  6.711E-03  6.711E-03
   189  1.1500E+00  3.699E-03  3.699E-03  1.653E-02  1.653E-02
   190  1.1400E+00  3.704E-03  3.704E-03  1.638E-02  1.638E-02
   191  1.1300E+00  3.709E-03  3.709E-03  1.624E-02  1.624E-02
   192  1.1200E+00  3.716E-03  3.716E-03  1.610E-02  1.610E-02
   193  1.1100E+00  3.723E-03  3.723E-03  1.595E-02  1.595E-02
   194  1.1000E+00  3.730E-03  3.730E-03  1.581E-02  1.581E-02
   195  1.0900E+00  3.738E-03  3.738E-03  1.566E-02  1.566E-02
   196  1.0800E+00  3.746E-03  3.746E-03  1.552E-02  1.552E-02
   197  1.0700E+00  3.754E-03  3.754E-03  1.537E-02  1.537E-02
   198  1.0600E+00  3.764E-03  3.764E-03  1.523E-02  1.523E-02
   199  1.0500E+00  3.773E-03  3.773E-03  1.509E-02  1.509E-02
   200  1.0400E+00  3.784E-03  3.784E-03  1.494E-02  1.494E-02
   201  1.0300E+00  3.795E-03  3.795E-03  1.480E-02  1.480E-02
   202  1.0200E+00  3.806E-03  3.806E-03  1.466E-02  1.466E-02
   203  1.0100E+00  3.817E-03  3.817E-03  1.452E-02  1.452E-02
   204  1.0000E+00  3.839E-03  3.839E-03  5.706E-03  5.706E-03
   205  9.7500E-01  3.872E-03  3.872E-03  5.562E-03  5.562E-03
   206  9.5000E-01  3.908E-03  3.908E-03  5.418E-03  5.418E-03
   207  9.2500E-01  3.946E-03  3.946E-03  5.273E-03  5.273E-03
   208  9.0000E-01  4.012E-03  4.012E-03  2.528E-03  2.528E-03
   209  8.5000E-01  4.117E-03  4.117E-03  2.383E-03  2.383E-03
   210  8.0000E-01  4.256E-03  4.256E-03  2.239E-03  2.239E-03
   211  7.5000E-01  4.447E-03  4.447E-03  2.094E-03  2.094E-03
   212  7.0000E-01  4.703E-03  4.703E-03  1.950E-03  1.950E-03
   213  6.5000E-01  4.947E-03  4.947E-03  3.684E-03  3.684E-03
   214  6.2500E-01  5.151E-03  5.151E-03  3.540E-03  3.540E-03
   215  6.0000E-01  5.523E-03  5.523E-03  1.661E-03  1.661E-03
   216  5.5000E-01  6.161E-03  6.161E-03  1.516E-03  1.516E-03
   217  5.0000E-01  7.006E-03  7.006E-03  1.372E-03  1.372E-03
   218  4.5000E-01  8.093E-03  8.093E-03  1.227E-03  1.227E-03
   219  4.0000E-01  9.062E-03  9.062E-03  2.239E-03  2.239E-03
   220  3.7500E-01  9.810E-03  9.810E-03  2.094E-03  2.094E-03
   221  3.5000E-01  1.060E-02  1.060E-02  1.950E-03  1.950E-03
   222  3.2500E-01  1.143E-02  1.143E-02  1.805E-03  1.805E-03
   223  3.0000E-01  1.227E-02  1.227E-02  1.660E-03  1.660E-03
   224  2.7500E-01  1.309E-02  1.309E-02  1.515E-03  1.515E-03
   225  2.5000E-01  1.380E-02  1.380E-02  1.370E-03  1.370E-03
   226  2.2500E-01  1.431E-02  1.431E-02  1.226E-03  1.226E-03
   227  2.0000E-01  1.448E-02  1.448E-02  1.082E-03  1.082E-03
   228  1.7500E-01  1.417E-02  1.417E-02  9.372E-04  9.372E-04
   229  1.5000E-01  1.321E-02  1.321E-02  7.926E-04  7.926E-04
   230  1.2500E-01  1.165E-02  1.165E-02  6.477E-04  6.477E-04
   231  1.0000E-01  1.017E-02  1.017E-02  1.372E-03  1.372E-03
   232  9.0000E-02  9.058E-03  9.058E-03  1.228E-03  1.228E-03
   233  8.0000E-02  7.803E-03  7.803E-03  1.084E-03  1.084E-03
   234  7.0000E-02  6.482E-03  6.482E-03  9.394E-04  9.394E-04
   235  6.0000E-02  5.127E-03  5.127E-03  7.948E-04  7.948E-04
   236  5.0000E-02  3.780E-03  3.780E-03  6.499E-04  6.499E-04
   237  4.0000E-02  2.492E-03  2.492E-03  5.045E-04  5.045E-04
   238  3.0000E-02  1.673E-03  1.673E-03  8.523E-04  8.523E-04
   239  2.5300E-02  6.814E-04  6.814E-04  1.565E-04  1.565E-04
   240  1.0000E-02  1.907E-04  1.907E-04  5.053E-04  5.053E-04
   241  7.5000E-03  9.872E-05  9.872E-05  3.585E-04  3.585E-04
   242  5.0000E-03  5.220E-05  5.220E-05  6.515E-04  6.515E-04
   243  4.0000E-03  3.168E-05  3.168E-05  5.053E-04  5.053E-04
   244  3.0000E-03  1.974E-05  1.974E-05  7.973E-04  7.973E-04
   245  2.5000E-03  1.325E-05  1.325E-05  6.514E-04  6.514E-04
   246  2.0000E-03  7.798E-06  7.798E-06  5.053E-04  5.053E-04
   247  1.5000E-03  4.201E-06  4.201E-06  6.517E-04  6.517E-04
   248  1.2000E-03  2.549E-06  2.549E-06  7.977E-04  7.977E-04
   249  1.0000E-03  1.440E-06  1.440E-06  5.058E-04  5.058E-04
   250  7.5000E-04  6.388E-07  6.388E-07  3.590E-04  3.590E-04
   251  5.0000E-04  7.542E-08  7.542E-08  9.060E-05  9.060E-05
   252  1.0000E-04  4.144E-10  4.144E-10  6.356E-05  6.356E-05


     1  2.0000E+07  1.180E-11  1.180E-11  7.916E-04  7.916E-04
     2  1.7330E+07  1.756E-10  1.756E-10  1.157E-03  1.157E-03
     3  1.5680E+07  4.341E-10  4.341E-10  1.562E-03  1.562E-03
     4  1.4550E+07  2.582E-08  2.582E-08  2.296E-03  2.296E-03
     5  1.3840E+07  2.214E-06  2.214E-06  1.511E-03  1.511E-03
     6  1.2840E+07  1.802E-05  1.802E-05  4.458E-04  4.458E-04
     7  1.0000E+07  6.975E-05  6.975E-05  5.500E-04  5.500E-04
     8  8.1870E+06  2.415E-04  2.415E-04  5.031E-04  5.031E-04
     9  6.4340E+06  6.553E-04  6.553E-04  4.252E-04  4.252E-04
    10  4.8000E+06  1.065E-03  1.065E-03  1.145E-03  1.145E-03
    11  4.3040E+06  1.433E-03  1.433E-03  3.447E-04  3.447E-04
    12  3.0000E+06  2.399E-03  2.399E-03  6.430E-04  6.430E-04
    13  2.4790E+06  3.115E-03  3.115E-03  2.366E-03  2.366E-03
    14  2.3540E+06  3.813E-03  3.813E-03  5.087E-04  5.087E-04
    15  1.8500E+06  4.493E-03  4.493E-03  5.853E-04  5.853E-04
    16  1.5000E+06  4.728E-03  4.728E-03  1.780E-03  1.780E-03
    17  1.4000E+06  4.688E-03  4.688E-03  3.847E-03  3.847E-03
    18  1.3560E+06  4.634E-03  4.634E-03  4.210E-03  4.210E-03
    19  1.3170E+06  4.546E-03  4.546E-03  2.353E-03  2.353E-03
    20  1.2500E+06  4.549E-03  4.549E-03  3.010E-03  3.010E-03
    21  1.2000E+06  4.745E-03  4.745E-03  1.412E-03  1.412E-03
    22  1.1000E+06  4.844E-03  4.844E-03  1.439E-03  1.439E-03
    23  1.0100E+06  4.773E-03  4.773E-03  1.317E-03  1.317E-03
    24  9.2000E+05  4.747E-03  4.747E-03  5.591E-03  5.591E-03
    25  9.0000E+05  4.821E-03  4.821E-03  4.362E-03  4.362E-03
    26  8.7500E+05  4.806E-03  4.806E-03  7.674E-03  7.674E-03
    27  8.6110E+05  4.835E-03  4.835E-03  2.513E-03  2.513E-03
    28  8.2000E+05  4.894E-03  4.894E-03  1.377E-03  1.377E-03
    29  7.5000E+05  4.936E-03  4.936E-03  1.236E-03  1.236E-03
    30  6.7900E+05  4.892E-03  4.892E-03  9.210E-03  9.210E-03
    31  6.7000E+05  4.627E-03  4.627E-03  1.114E-03  1.114E-03
    32  6.0000E+05  4.640E-03  4.640E-03  2.669E-03  2.669E-03
    33  5.7300E+05  4.718E-03  4.718E-03  3.000E-03  3.000E-03
    34  5.5000E+05  4.534E-03  4.534E-03  1.103E-03  1.103E-03
    35  4.9200E+05  4.577E-03  4.577E-03  2.686E-03  2.686E-03
    36  4.7000E+05  4.332E-03  4.332E-03  1.863E-03  1.863E-03
    37  4.4000E+05  3.951E-03  3.951E-03  2.642E-03  2.642E-03
    38  4.2000E+05  3.964E-03  3.964E-03  2.519E-03  2.519E-03
    39  4.0000E+05  3.710E-03  3.710E-03  6.389E-04  6.389E-04
    40  3.3000E+05  3.184E-03  3.184E-03  6.125E-04  6.125E-04
    41  2.7000E+05  3.262E-03  3.262E-03  4.096E-04  4.096E-04
    42  2.0000E+05  3.823E-03  3.823E-03  4.176E-04  4.176E-04
    43  1.4900E+05  3.970E-03  3.970E-03  8.218E-04  8.218E-04
    44  1.2830E+05  3.530E-03  3.530E-03  4.933E-04  4.933E-04
    45  1.0000E+05  3.549E-03  3.549E-03  7.565E-04  7.565E-04
    46  8.5000E+04  4.448E-03  4.448E-03  3.422E-03  3.422E-03
    47  8.2000E+04  4.378E-03  4.378E-03  1.378E-03  1.378E-03
    48  7.5000E+04  4.216E-03  4.216E-03  4.549E-03  4.549E-03
    49  7.3000E+04  4.195E-03  4.195E-03  6.270E-04  6.270E-04
    50  6.0000E+04  4.135E-03  4.135E-03  8.594E-04  8.594E-04
    51  5.2000E+04  3.608E-03  3.608E-03  3.136E-03  3.136E-03
    52  5.0000E+04  3.303E-03  3.303E-03  1.167E-03  1.167E-03
    53  4.5000E+04  4.114E-03  4.114E-03  3.034E-04  3.034E-04
    54  3.0000E+04  4.069E-03  4.069E-03  3.035E-04  3.035E-04
    55  2.0000E+04  4.035E-03  4.035E-03  7.578E-04  7.578E-04
    56  1.7000E+04  4.059E-03  4.059E-03  4.592E-04  4.592E-04
    57  1.3000E+04  4.052E-03  4.052E-03  3.929E-04  3.929E-04
    58  9.5000E+03  4.041E-03  4.041E-03  7.332E-04  7.332E-04
    59  8.0300E+03  4.016E-03  4.016E-03  3.597E-04  3.597E-04
    60  5.7000E+03  4.012E-03  4.012E-03  3.251E-04  3.251E-04
    61  3.9000E+03  3.951E-03  3.951E-03  2.948E-03  2.948E-03
    62  3.7400E+03  4.012E-03  4.012E-03  5.604E-04  5.604E-04
    63  3.0000E+03  3.997E-03  3.997E-03  6.778E-04  6.778E-04
    64  2.5000E+03  3.996E-03  3.996E-03  1.173E-03  1.173E-03
    65  2.2500E+03  3.964E-03  3.964E-03  5.497E-03  5.497E-03
    66  2.2000E+03  3.991E-03  3.991E-03  6.164E-04  6.164E-04
    67  1.8000E+03  3.977E-03  3.977E-03  8.278E-04  8.278E-04
    68  1.5500E+03  3.881E-03  3.881E-03  3.772E-03  3.772E-03
    69  1.5000E+03  3.982E-03  3.982E-03  4.661E-04  4.661E-04
    70  1.1500E+03  3.968E-03  3.968E-03  6.484E-04  6.484E-04
    71  9.5000E+02  3.955E-03  3.955E-03  3.756E-04  3.756E-04
    72  6.8300E+02  3.852E-03  3.852E-03  6.423E-03  6.423E-03
    73  6.7000E+02  3.955E-03  3.955E-03  6.289E-04  6.289E-04
    74  5.5000E+02  3.928E-03  3.928E-03  2.106E-04  2.106E-04
    75  3.0500E+02  3.771E-03  3.771E-03  1.815E-03  1.815E-03
    76  2.8500E+02  3.912E-03  3.912E-03  7.280E-04  7.280E-04
    77  2.4000E+02  3.871E-03  3.871E-03  1.438E-03  1.438E-03
    78  2.2000E+02  3.873E-03  3.873E-03  2.563E-03  2.563E-03
    79  2.0950E+02  3.750E-03  3.750E-03  1.228E-02  1.228E-02
    80  2.0740E+02  3.907E-03  3.907E-03  4.756E-03  4.756E-03
    81  2.0200E+02  3.873E-03  3.873E-03  2.753E-03  2.753E-03
    82  1.9300E+02  3.858E-03  3.858E-03  1.608E-02  1.608E-02
    83  1.9150E+02  3.617E-03  3.617E-03  7.856E-03  7.856E-03
    84  1.8850E+02  4.189E-03  4.189E-03  2.951E-02  2.951E-02
    85  1.8770E+02  3.894E-03  3.894E-03  2.987E-03  2.987E-03
    86  1.8000E+02  3.859E-03  3.859E-03  2.199E-03  2.199E-03
    87  1.7000E+02  3.851E-03  3.851E-03  7.266E-04  7.266E-04
    88  1.4300E+02  3.842E-03  3.842E-03  7.921E-04  7.921E-04
    89  1.2200E+02  3.838E-03  3.838E-03  5.059E-03  5.059E-03
    90  1.1900E+02  3.825E-03  3.825E-03  9.925E-03  9.925E-03
    91  1.1750E+02  3.684E-03  3.684E-03  9.575E-03  9.575E-03
    92  1.1600E+02  3.861E-03  3.861E-03  4.815E-03  4.815E-03
    93  1.1300E+02  3.831E-03  3.831E-03  2.787E-03  2.787E-03
    94  1.0800E+02  3.824E-03  3.824E-03  4.479E-03  4.479E-03
    95  1.0500E+02  3.717E-03  3.717E-03  3.375E-03  3.375E-03
    96  1.0120E+02  3.846E-03  3.846E-03  2.986E-03  2.986E-03
    97  9.7000E+01  3.805E-03  3.805E-03  1.689E-03  1.689E-03
    98  9.0000E+01  3.799E-03  3.799E-03  1.308E-03  1.308E-03
    99  8.1700E+01  3.778E-03  3.778E-03  5.995E-03  5.995E-03
   100  8.0000E+01  3.795E-03  3.795E-03  2.472E-03  2.472E-03
   101  7.6000E+01  3.787E-03  3.787E-03  2.347E-03  2.347E-03
   102  7.2000E+01  3.786E-03  3.786E-03  1.967E-03  1.967E-03
   103  6.7500E+01  3.669E-03  3.669E-03  3.284E-03  3.284E-03
   104  6.5000E+01  3.780E-03  3.780E-03  4.075E-03  4.075E-03
   105  6.3000E+01  3.769E-03  3.769E-03  3.952E-03  3.952E-03
   106  6.1000E+01  3.759E-03  3.759E-03  2.528E-03  2.528E-03
   107  5.8000E+01  3.741E-03  3.741E-03  1.543E-03  1.543E-03
   108  5.3400E+01  3.734E-03  3.734E-03  2.369E-03  2.369E-03
   109  5.0600E+01  3.732E-03  3.732E-03  2.731E-03  2.731E-03
   110  4.8300E+01  3.733E-03  3.733E-03  1.921E-03  1.921E-03
   111  4.5200E+01  3.727E-03  3.727E-03  4.744E-03  4.744E-03
   112  4.4000E+01  3.725E-03  3.725E-03  3.446E-03  3.446E-03
   113  4.2400E+01  3.718E-03  3.718E-03  3.807E-03  3.807E-03
   114  4.1000E+01  3.722E-03  3.722E-03  3.689E-03  3.689E-03
   115  3.9600E+01  3.688E-03  3.688E-03  1.008E-02  1.008E-02
   116  3.9100E+01  3.718E-03  3.718E-03  4.495E-03  4.495E-03
   117  3.8000E+01  3.713E-03  3.713E-03  1.310E-02  1.310E-02
   118  3.7630E+01  3.697E-03  3.697E-03  1.331E-02  1.331E-02
   119  3.7270E+01  3.637E-03  3.637E-03  3.375E-02  3.375E-02
   120  3.7130E+01  3.446E-03  3.446E-03  3.534E-02  3.534E-02
   121  3.7000E+01  3.310E-03  3.310E-03  4.275E-03  4.275E-03
   122  3.6000E+01  3.740E-03  3.740E-03  9.276E-03  9.276E-03
   123  3.5500E+01  3.597E-03  3.597E-03  9.164E-03  9.164E-03
   124  3.5000E+01  3.630E-03  3.630E-03  3.568E-03  3.568E-03
   125  3.3750E+01  3.623E-03  3.623E-03  8.678E-03  8.678E-03
   126  3.3250E+01  3.637E-03  3.637E-03  2.815E-03  2.815E-03
   127  3.1750E+01  3.642E-03  3.642E-03  8.195E-03  8.195E-03
   128  3.1250E+01  3.631E-03  3.631E-03  3.187E-03  3.187E-03
   129  3.0000E+01  3.624E-03  3.624E-03  1.491E-03  1.491E-03
   130  2.7500E+01  3.611E-03  3.611E-03  1.366E-03  1.366E-03
   131  2.5000E+01  3.598E-03  3.598E-03  1.240E-03  1.240E-03
   132  2.2500E+01  3.605E-03  3.605E-03  3.873E-03  3.873E-03
   133  2.1750E+01  3.577E-03  3.577E-03  5.107E-03  5.107E-03
   134  2.1200E+01  3.047E-03  3.047E-03  3.445E-03  3.445E-03
   135  2.0500E+01  3.545E-03  3.545E-03  5.409E-03  5.409E-03
   136  2.0000E+01  3.498E-03  3.498E-03  4.396E-03  4.396E-03
   137  1.9400E+01  3.464E-03  3.464E-03  2.819E-03  2.819E-03
   138  1.8500E+01  3.483E-03  3.483E-03  1.587E-03  1.587E-03
   139  1.7000E+01  3.465E-03  3.465E-03  2.211E-03  2.211E-03
   140  1.6000E+01  3.454E-03  3.454E-03  1.273E-03  1.273E-03
   141  1.4400E+01  3.452E-03  3.452E-03  1.222E-03  1.222E-03
   142  1.2900E+01  3.413E-03  3.413E-03  1.660E-03  1.660E-03
   143  1.1900E+01  3.397E-03  3.397E-03  3.901E-03  3.901E-03
   144  1.1500E+01  3.424E-03  3.424E-03  9.645E-04  9.645E-04
   145  1.0000E+01  3.407E-03  3.407E-03  1.429E-03  1.429E-03
   146  9.1000E+00  3.359E-03  3.359E-03  1.155E-03  1.155E-03
   147  8.1000E+00  3.381E-03  3.381E-03  1.091E-03  1.091E-03
   148  7.1500E+00  3.346E-03  3.346E-03  6.455E-03  6.455E-03
   149  7.0000E+00  3.337E-03  3.337E-03  7.576E-03  7.576E-03
   150  6.8750E+00  3.065E-03  3.065E-03  6.925E-03  6.925E-03
   151  6.7500E+00  2.692E-03  2.692E-03  3.078E-03  3.078E-03
   152  6.5000E+00  3.168E-03  3.168E-03  3.582E-03  3.582E-03
   153  6.2500E+00  3.213E-03  3.213E-03  3.501E-03  3.501E-03
   154  6.0000E+00  3.185E-03  3.185E-03  1.358E-03  1.358E-03
   155  5.4000E+00  3.161E-03  3.161E-03  1.862E-03  1.862E-03
   156  5.0000E+00  3.327E-03  3.327E-03  2.313E-03  2.313E-03
   157  4.7000E+00  3.464E-03  3.464E-03  1.052E-03  1.052E-03
   158  4.1000E+00  3.380E-03  3.380E-03  1.520E-03  1.520E-03
   159  3.7300E+00  3.157E-03  3.157E-03  2.258E-03  2.258E-03
   160  3.5000E+00  3.183E-03  3.183E-03  1.606E-03  1.606E-03
   161  3.2000E+00  3.258E-03  3.258E-03  4.533E-03  4.533E-03
   162  3.1000E+00  3.435E-03  3.435E-03  4.390E-03  4.390E-03
   163  3.0000E+00  3.571E-03  3.571E-03  1.432E-02  1.432E-02
   164  2.9700E+00  3.369E-03  3.369E-03  4.203E-03  4.203E-03
   165  2.8700E+00  3.316E-03  3.316E-03  4.059E-03  4.059E-03
   166  2.7700E+00  3.325E-03  3.325E-03  3.915E-03  3.915E-03
   167  2.6700E+00  3.334E-03  3.334E-03  3.771E-03  3.771E-03
   168  2.5700E+00  3.343E-03  3.343E-03  3.628E-03  3.628E-03
   169  2.4700E+00  3.352E-03  3.352E-03  3.879E-03  3.879E-03
   170  2.3800E+00  3.360E-03  3.360E-03  4.212E-03  4.212E-03
   171  2.3000E+00  3.368E-03  3.368E-03  3.608E-03  3.608E-03
   172  2.2100E+00  3.378E-03  3.378E-03  3.464E-03  3.464E-03
   173  2.1200E+00  3.391E-03  3.391E-03  2.469E-03  2.469E-03
   174  2.0000E+00  3.438E-03  3.438E-03  4.727E-03  4.727E-03
   175  1.9400E+00  3.455E-03  3.455E-03  3.423E-03  3.423E-03
   176  1.8600E+00  3.482E-03  3.482E-03  2.907E-03  2.907E-03
   177  1.7700E+00  3.513E-03  3.513E-03  2.763E-03  2.763E-03
   178  1.6800E+00  3.542E-03  3.542E-03  2.619E-03  2.619E-03
   179  1.5900E+00  3.568E-03  3.568E-03  2.476E-03  2.476E-03
   180  1.5000E+00  3.589E-03  3.589E-03  4.255E-03  4.255E-03
   181  1.4500E+00  3.604E-03  3.604E-03  4.111E-03  4.111E-03
   182  1.4000E+00  3.619E-03  3.619E-03  3.967E-03  3.967E-03
   183  1.3500E+00  3.635E-03  3.635E-03  3.823E-03  3.823E-03
   184  1.3000E+00  3.652E-03  3.652E-03  3.679E-03  3.679E-03
   185  1.2500E+00  3.665E-03  3.665E-03  7.143E-03  7.143E-03
   186  1.2250E+00  3.673E-03  3.673E-03  6.999E-03  6.999E-03
   187  1.2000E+00  3.681E-03  3.681E-03  6.856E-03  6.856E-03
   188  1.1750E+00  3.689E-03  3.689E-03  6.712E-03  6.712E-03
   189  1.1500E+00  3.696E-03  3.696E-03  1.653E-02  1.653E-02
   190  1.1400E+00  3.701E-03  3.701E-03  1.639E-02  1.639E-02
   191  1.1300E+00  3.706E-03  3.706E-03  1.624E-02  1.624E-02
   192  1.1200E+00  3.711E-03  3.711E-03  1.610E-02  1.610E-02
   193  1.1100E+00  3.717E-03  3.717E-03  1.595E-02  1.595E-02
   194  1.1000E+00  3.723E-03  3.723E-03  1.580E-02  1.580E-02
   195  1.0900E+00  3.729E-03  3.729E-03  1.565E-02  1.565E-02
   196  1.0800E+00  3.736E-03  3.736E-03  1.550E-02  1.550E-02
   197  1.0700E+00  3.743E-03  3.743E-03  1.535E-02  1.535E-02
   198  1.0600E+00  3.752E-03  3.752E-03  1.521E-02  1.521E-02
   199  1.0500E+00  3.762E-03  3.762E-03  1.507E-02  1.507E-02
   200  1.0400E+00  3.773E-03  3.773E-03  1.493E-02  1.493E-02
   201  1.0300E+00  3.785E-03  3.785E-03  1.479E-02  1.479E-02
   202  1.0200E+00  3.798E-03  3.798E-03  1.465E-02  1.465E-02
   203  1.0100E+00  3.810E-03  3.810E-03  1.452E-02  1.452E-02
   204  1.0000E+00  3.833E-03  3.833E-03  5.709E-03  5.709E-03
   205  9.7500E-01  3.867E-03  3.867E-03  5.567E-03  5.567E-03
   206  9.5000E-01  3.903E-03  3.903E-03  5.423E-03  5.423E-03
   207  9.2500E-01  3.942E-03  3.942E-03  5.279E-03  5.279E-03
   208  9.0000E-01  4.008E-03  4.008E-03  2.531E-03  2.531E-03
   209  8.5000E-01  4.113E-03  4.113E-03  2.387E-03  2.387E-03
   210  8.0000E-01  4.252E-03  4.252E-03  2.242E-03  2.242E-03
   211  7.5000E-01  4.444E-03  4.444E-03  2.098E-03  2.098E-03
   212  7.0000E-01  4.701E-03  4.701E-03  1.953E-03  1.953E-03
   213  6.5000E-01  4.946E-03  4.946E-03  3.690E-03  3.690E-03
   214  6.2500E-01  5.150E-03  5.150E-03  3.545E-03  3.545E-03
   215  6.0000E-01  5.524E-03  5.524E-03  1.663E-03  1.663E-03
   216  5.5000E-01  6.165E-03  6.165E-03  1.519E-03  1.519E-03
   217  5.0000E-01  7.014E-03  7.014E-03  1.374E-03  1.374E-03
   218  4.5000E-01  8.106E-03  8.106E-03  1.229E-03  1.229E-03
   219  4.0000E-01  9.080E-03  9.080E-03  2.243E-03  2.243E-03
   220  3.7500E-01  9.831E-03  9.831E-03  2.098E-03  2.098E-03
   221  3.5000E-01  1.063E-02  1.063E-02  1.953E-03  1.953E-03
   222  3.2500E-01  1.145E-02  1.145E-02  1.808E-03  1.808E-03
   223  3.0000E-01  1.230E-02  1.230E-02  1.662E-03  1.662E-03
   224  2.7500E-01  1.314E-02  1.314E-02  1.518E-03  1.518E-03
   225  2.5000E-01  1.386E-02  1.386E-02  1.373E-03  1.373E-03
   226  2.2500E-01  1.439E-02  1.439E-02  1.228E-03  1.228E-03
   227  2.0000E-01  1.457E-02  1.457E-02  1.084E-03  1.084E-03
   228  1.7500E-01  1.427E-02  1.427E-02  9.389E-04  9.389E-04
   229  1.5000E-01  1.332E-02  1.332E-02  7.940E-04  7.940E-04
   230  1.2500E-01  1.176E-02  1.176E-02  6.489E-04  6.489E-04
   231  1.0000E-01  1.027E-02  1.027E-02  1.375E-03  1.375E-03
   232  9.0000E-02  9.153E-03  9.153E-03  1.230E-03  1.230E-03
   233  8.0000E-02  7.889E-03  7.889E-03  1.086E-03  1.086E-03
   234  7.0000E-02  6.557E-03  6.557E-03  9.411E-04  9.411E-04
   235  6.0000E-02  5.189E-03  5.189E-03  7.963E-04  7.963E-04
   236  5.0000E-02  3.828E-03  3.828E-03  6.511E-04  6.511E-04
   237  4.0000E-02  2.526E-03  2.526E-03  5.055E-04  5.055E-04
   238  3.0000E-02  1.697E-03  1.697E-03  8.539E-04  8.539E-04
   239  2.5300E-02  6.918E-04  6.918E-04  1.568E-04  1.568E-04
   240  1.0000E-02  1.939E-04  1.939E-04  5.063E-04  5.063E-04
   241  7.5000E-03  1.004E-04  1.004E-04  3.592E-04  3.592E-04
   242  5.0000E-03  5.309E-05  5.309E-05  6.528E-04  6.528E-04
   243  4.0000E-03  3.221E-05  3.221E-05  5.063E-04  5.063E-04
   244  3.0000E-03  2.008E-05  2.008E-05  7.989E-04  7.989E-04
   245  2.5000E-03  1.347E-05  1.347E-05  6.528E-04  6.528E-04
   246  2.0000E-03  7.931E-06  7.931E-06  5.064E-04  5.064E-04
   247  1.5000E-03  4.277E-06  4.277E-06  6.530E-04  6.530E-04
   248  1.2000E-03  2.596E-06  2.596E-06  7.994E-04  7.994E-04
   249  1.0000E-03  1.468E-06  1.468E-06  5.068E-04  5.068E-04
   250  7.5000E-04  6.514E-07  6.514E-07  3.597E-04  3.597E-04
   251  5.0000E-04  7.709E-08  7.709E-08  9.079E-05  9.079E-05
   252  1.0000E-04  4.258E-10  4.258E-10  6.370E-05  6.370E-05

