
     1  2.0000E+07  0.000E+00  0.000E+00  7.478E-04  7.478E-04
     2  1.7330E+07  1.153E-07  1.153E-07  1.146E-03  1.146E-03
     3  1.5680E+07  7.759E-07  7.759E-07  1.541E-03  1.541E-03
     4  1.4550E+07  1.597E-06  1.597E-06  2.249E-03  2.249E-03
     5  1.3840E+07  3.056E-06  3.056E-06  1.479E-03  1.479E-03
     6  1.2840E+07  1.596E-05  1.596E-05  4.369E-04  4.369E-04
     7  1.0000E+07  6.343E-05  6.343E-05  5.407E-04  5.407E-04
     8  8.1870E+06  2.259E-04  2.259E-04  4.997E-04  4.997E-04
     9  6.4340E+06  6.189E-04  6.189E-04  4.237E-04  4.237E-04
    10  4.8000E+06  1.000E-03  1.000E-03  1.145E-03  1.145E-03
    11  4.3040E+06  1.274E-03  1.274E-03  3.466E-04  3.466E-04
    12  3.0000E+06  2.129E-03  2.129E-03  6.525E-04  6.525E-04
    13  2.4790E+06  2.754E-03  2.754E-03  2.403E-03  2.403E-03
    14  2.3540E+06  3.342E-03  3.342E-03  5.162E-04  5.162E-04
    15  1.8500E+06  3.905E-03  3.905E-03  5.931E-04  5.931E-04
    16  1.5000E+06  4.060E-03  4.060E-03  1.803E-03  1.803E-03
    17  1.4000E+06  4.024E-03  4.024E-03  3.896E-03  3.896E-03
    18  1.3560E+06  4.015E-03  4.015E-03  4.263E-03  4.263E-03
    19  1.3170E+06  3.979E-03  3.979E-03  2.383E-03  2.383E-03
    20  1.2500E+06  3.978E-03  3.978E-03  3.048E-03  3.048E-03
    21  1.2000E+06  4.073E-03  4.073E-03  1.430E-03  1.430E-03
    22  1.1000E+06  4.118E-03  4.118E-03  1.458E-03  1.458E-03
    23  1.0100E+06  4.074E-03  4.074E-03  1.333E-03  1.333E-03
    24  9.2000E+05  4.045E-03  4.045E-03  5.663E-03  5.663E-03
    25  9.0000E+05  4.073E-03  4.073E-03  4.418E-03  4.418E-03
    26  8.7500E+05  4.062E-03  4.062E-03  7.773E-03  7.773E-03
    27  8.6110E+05  4.068E-03  4.068E-03  2.545E-03  2.545E-03
    28  8.2000E+05  4.082E-03  4.082E-03  1.395E-03  1.395E-03
    29  7.5000E+05  4.074E-03  4.074E-03  1.252E-03  1.252E-03
    30  6.7900E+05  4.038E-03  4.038E-03  9.332E-03  9.332E-03
    31  6.7000E+05  3.934E-03  3.934E-03  1.128E-03  1.128E-03
    32  6.0000E+05  3.898E-03  3.898E-03  2.705E-03  2.705E-03
    33  5.7300E+05  3.914E-03  3.914E-03  3.040E-03  3.040E-03
    34  5.5000E+05  3.814E-03  3.814E-03  1.118E-03  1.118E-03
    35  4.9200E+05  3.807E-03  3.807E-03  2.723E-03  2.723E-03
    36  4.7000E+05  3.688E-03  3.688E-03  1.889E-03  1.889E-03
    37  4.4000E+05  3.519E-03  3.519E-03  2.678E-03  2.678E-03
    38  4.2000E+05  3.506E-03  3.506E-03  2.553E-03  2.553E-03
    39  4.0000E+05  3.378E-03  3.378E-03  6.477E-04  6.477E-04
    40  3.3000E+05  3.122E-03  3.122E-03  6.210E-04  6.210E-04
    41  2.7000E+05  3.095E-03  3.095E-03  4.153E-04  4.153E-04
    42  2.0000E+05  3.272E-03  3.272E-03  4.235E-04  4.235E-04
    43  1.4900E+05  3.287E-03  3.287E-03  8.336E-04  8.336E-04
    44  1.2830E+05  3.128E-03  3.128E-03  5.004E-04  5.004E-04
    45  1.0000E+05  3.080E-03  3.080E-03  7.676E-04  7.676E-04
    46  8.5000E+04  3.422E-03  3.422E-03  3.472E-03  3.472E-03
    47  8.2000E+04  3.399E-03  3.399E-03  1.398E-03  1.398E-03
    48  7.5000E+04  3.327E-03  3.327E-03  4.617E-03  4.617E-03
    49  7.3000E+04  3.301E-03  3.301E-03  6.364E-04  6.364E-04
    50  6.0000E+04  3.254E-03  3.254E-03  8.724E-04  8.724E-04
    51  5.2000E+04  3.069E-03  3.069E-03  3.184E-03  3.184E-03
    52  5.0000E+04  2.985E-03  2.985E-03  1.185E-03  1.185E-03
    53  4.5000E+04  3.220E-03  3.220E-03  3.081E-04  3.081E-04
    54  3.0000E+04  3.176E-03  3.176E-03  3.084E-04  3.084E-04
    55  2.0000E+04  3.174E-03  3.174E-03  7.703E-04  7.703E-04
    56  1.7000E+04  3.154E-03  3.154E-03  4.670E-04  4.670E-04
    57  1.3000E+04  3.141E-03  3.141E-03  3.997E-04  3.997E-04
    58  9.5000E+03  3.133E-03  3.133E-03  7.466E-04  7.466E-04
    59  8.0300E+03  3.123E-03  3.123E-03  3.665E-04  3.665E-04
    60  5.7000E+03  3.111E-03  3.111E-03  3.315E-04  3.315E-04
    61  3.9000E+03  3.108E-03  3.108E-03  3.009E-03  3.009E-03
    62  3.7400E+03  3.100E-03  3.100E-03  5.718E-04  5.718E-04
    63  3.0000E+03  3.091E-03  3.091E-03  6.922E-04  6.922E-04
    64  2.5000E+03  3.091E-03  3.091E-03  1.199E-03  1.199E-03
    65  2.2500E+03  3.082E-03  3.082E-03  5.624E-03  5.624E-03
    66  2.2000E+03  3.080E-03  3.080E-03  6.302E-04  6.302E-04
    67  1.8000E+03  3.076E-03  3.076E-03  8.470E-04  8.470E-04
    68  1.5500E+03  3.067E-03  3.067E-03  3.864E-03  3.864E-03
    69  1.5000E+03  3.066E-03  3.066E-03  4.775E-04  4.775E-04
    70  1.1500E+03  3.057E-03  3.057E-03  6.653E-04  6.653E-04
    71  9.5000E+02  3.045E-03  3.045E-03  3.860E-04  3.860E-04
    72  6.8300E+02  3.007E-03  3.007E-03  6.635E-03  6.635E-03
    73  6.7000E+02  3.036E-03  3.036E-03  6.475E-04  6.475E-04
    74  5.5000E+02  3.011E-03  3.011E-03  2.173E-04  2.173E-04
    75  3.0500E+02  2.978E-03  2.978E-03  1.902E-03  1.902E-03
    76  2.8500E+02  2.981E-03  2.981E-03  7.528E-04  7.528E-04
    77  2.4000E+02  2.955E-03  2.955E-03  1.490E-03  1.490E-03
    78  2.2000E+02  2.989E-03  2.989E-03  2.667E-03  2.667E-03
    79  2.0950E+02  2.970E-03  2.970E-03  1.295E-02  1.295E-02
    80  2.0740E+02  2.969E-03  2.969E-03  4.945E-03  4.945E-03
    81  2.0200E+02  2.922E-03  2.922E-03  2.837E-03  2.837E-03
    82  1.9300E+02  2.808E-03  2.808E-03  1.618E-02  1.618E-02
    83  1.9150E+02  2.992E-03  2.992E-03  8.293E-03  8.293E-03
    84  1.8850E+02  2.955E-03  2.955E-03  3.079E-02  3.079E-02
    85  1.8770E+02  2.959E-03  2.959E-03  3.126E-03  3.126E-03
    86  1.8000E+02  2.899E-03  2.899E-03  2.280E-03  2.280E-03
    87  1.7000E+02  2.953E-03  2.953E-03  7.574E-04  7.574E-04
    88  1.4300E+02  2.929E-03  2.929E-03  8.269E-04  8.269E-04
    89  1.2200E+02  2.819E-03  2.819E-03  5.151E-03  5.151E-03
    90  1.1900E+02  2.939E-03  2.939E-03  1.044E-02  1.044E-02
    91  1.1750E+02  2.921E-03  2.921E-03  1.030E-02  1.030E-02
    92  1.1600E+02  2.842E-03  2.842E-03  4.980E-03  4.980E-03
    93  1.1300E+02  2.895E-03  2.895E-03  2.909E-03  2.909E-03
    94  1.0800E+02  2.905E-03  2.905E-03  4.715E-03  4.715E-03
    95  1.0500E+02  2.906E-03  2.906E-03  3.602E-03  3.602E-03
    96  1.0120E+02  2.900E-03  2.900E-03  3.132E-03  3.132E-03
    97  9.7000E+01  2.899E-03  2.899E-03  1.770E-03  1.770E-03
    98  9.0000E+01  2.898E-03  2.898E-03  1.372E-03  1.372E-03
    99  8.1700E+01  2.898E-03  2.898E-03  6.313E-03  6.313E-03
   100  8.0000E+01  2.897E-03  2.897E-03  2.592E-03  2.592E-03
   101  7.6000E+01  2.889E-03  2.889E-03  2.463E-03  2.463E-03
   102  7.2000E+01  2.807E-03  2.807E-03  2.023E-03  2.023E-03
   103  6.7500E+01  2.871E-03  2.871E-03  3.552E-03  3.552E-03
   104  6.5000E+01  2.868E-03  2.868E-03  4.296E-03  4.296E-03
   105  6.3000E+01  2.866E-03  2.866E-03  4.163E-03  4.163E-03
   106  6.1000E+01  2.776E-03  2.776E-03  2.607E-03  2.607E-03
   107  5.8000E+01  2.843E-03  2.843E-03  1.634E-03  1.634E-03
   108  5.3400E+01  2.841E-03  2.841E-03  2.504E-03  2.504E-03
   109  5.0600E+01  2.837E-03  2.837E-03  2.900E-03  2.900E-03
   110  4.8300E+01  2.839E-03  2.839E-03  2.033E-03  2.033E-03
   111  4.5200E+01  2.838E-03  2.838E-03  5.012E-03  5.012E-03
   112  4.4000E+01  2.835E-03  2.835E-03  3.640E-03  3.640E-03
   113  4.2400E+01  2.838E-03  2.838E-03  4.015E-03  4.015E-03
   114  4.1000E+01  2.836E-03  2.836E-03  3.881E-03  3.881E-03
   115  3.9600E+01  2.836E-03  2.836E-03  1.061E-02  1.061E-02
   116  3.9100E+01  2.837E-03  2.837E-03  4.723E-03  4.723E-03
   117  3.8000E+01  2.836E-03  2.836E-03  1.378E-02  1.378E-02
   118  3.7630E+01  2.835E-03  2.835E-03  1.403E-02  1.403E-02
   119  3.7270E+01  2.836E-03  2.836E-03  3.583E-02  3.583E-02
   120  3.7130E+01  2.836E-03  2.836E-03  3.844E-02  3.844E-02
   121  3.7000E+01  2.834E-03  2.834E-03  4.924E-03  4.924E-03
   122  3.6000E+01  2.834E-03  2.834E-03  9.649E-03  9.649E-03
   123  3.5500E+01  2.834E-03  2.834E-03  9.517E-03  9.517E-03
   124  3.5000E+01  2.831E-03  2.831E-03  3.711E-03  3.711E-03
   125  3.3750E+01  2.832E-03  2.832E-03  9.032E-03  9.032E-03
   126  3.3250E+01  2.831E-03  2.831E-03  2.917E-03  2.917E-03
   127  3.1750E+01  2.831E-03  2.831E-03  8.475E-03  8.475E-03
   128  3.1250E+01  2.831E-03  2.831E-03  3.292E-03  3.292E-03
   129  3.0000E+01  2.828E-03  2.828E-03  1.548E-03  1.548E-03
   130  2.7500E+01  2.824E-03  2.824E-03  1.423E-03  1.423E-03
   131  2.5000E+01  2.692E-03  2.692E-03  1.261E-03  1.261E-03
   132  2.2500E+01  2.578E-03  2.578E-03  3.901E-03  3.901E-03
   133  2.1750E+01  2.588E-03  2.588E-03  5.210E-03  5.210E-03
   134  2.1200E+01  2.714E-03  2.714E-03  4.164E-03  4.164E-03
   135  2.0500E+01  2.712E-03  2.712E-03  5.667E-03  5.667E-03
   136  2.0000E+01  2.709E-03  2.709E-03  4.594E-03  4.594E-03
   137  1.9400E+01  2.693E-03  2.693E-03  2.949E-03  2.949E-03
   138  1.8500E+01  2.694E-03  2.694E-03  1.654E-03  1.654E-03
   139  1.7000E+01  2.685E-03  2.685E-03  2.309E-03  2.309E-03
   140  1.6000E+01  2.688E-03  2.688E-03  1.327E-03  1.327E-03
   141  1.4400E+01  2.686E-03  2.686E-03  1.271E-03  1.271E-03
   142  1.2900E+01  2.677E-03  2.677E-03  1.733E-03  1.733E-03
   143  1.1900E+01  2.682E-03  2.682E-03  4.083E-03  4.083E-03
   144  1.1500E+01  2.668E-03  2.668E-03  9.994E-04  9.994E-04
   145  1.0000E+01  2.669E-03  2.669E-03  1.478E-03  1.478E-03
   146  9.1000E+00  2.669E-03  2.669E-03  1.197E-03  1.197E-03
   147  8.1000E+00  2.667E-03  2.667E-03  1.116E-03  1.116E-03
   148  7.1500E+00  2.659E-03  2.659E-03  6.569E-03  6.569E-03
   149  7.0000E+00  2.638E-03  2.638E-03  7.742E-03  7.742E-03
   150  6.8750E+00  2.620E-03  2.620E-03  7.614E-03  7.614E-03
   151  6.7500E+00  2.640E-03  2.640E-03  3.694E-03  3.694E-03
   152  6.5000E+00  2.650E-03  2.650E-03  3.548E-03  3.548E-03
   153  6.2500E+00  2.649E-03  2.649E-03  3.408E-03  3.408E-03
   154  6.0000E+00  2.646E-03  2.646E-03  1.319E-03  1.319E-03
   155  5.4000E+00  2.643E-03  2.643E-03  1.805E-03  1.805E-03
   156  5.0000E+00  2.809E-03  2.809E-03  2.246E-03  2.246E-03
   157  4.7000E+00  2.911E-03  2.911E-03  1.016E-03  1.016E-03
   158  4.1000E+00  2.841E-03  2.841E-03  1.467E-03  1.467E-03
   159  3.7300E+00  2.626E-03  2.626E-03  2.180E-03  2.180E-03
   160  3.5000E+00  2.655E-03  2.655E-03  1.547E-03  1.547E-03
   161  3.2000E+00  2.740E-03  2.740E-03  4.364E-03  4.364E-03
   162  3.1000E+00  2.892E-03  2.892E-03  4.225E-03  4.225E-03
   163  3.0000E+00  3.007E-03  3.007E-03  1.378E-02  1.378E-02
   164  2.9700E+00  2.831E-03  2.831E-03  4.044E-03  4.044E-03
   165  2.8700E+00  2.781E-03  2.781E-03  3.905E-03  3.905E-03
   166  2.7700E+00  2.788E-03  2.788E-03  3.766E-03  3.766E-03
   167  2.6700E+00  2.794E-03  2.794E-03  3.627E-03  3.627E-03
   168  2.5700E+00  2.798E-03  2.798E-03  3.488E-03  3.488E-03
   169  2.4700E+00  2.793E-03  2.793E-03  3.727E-03  3.727E-03
   170  2.3800E+00  2.766E-03  2.766E-03  4.046E-03  4.046E-03
   171  2.3000E+00  2.762E-03  2.762E-03  3.471E-03  3.471E-03
   172  2.2100E+00  2.788E-03  2.788E-03  3.334E-03  3.334E-03
   173  2.1200E+00  2.803E-03  2.803E-03  2.378E-03  2.378E-03
   174  2.0000E+00  2.829E-03  2.829E-03  4.550E-03  4.550E-03
   175  1.9400E+00  2.821E-03  2.821E-03  3.293E-03  3.293E-03
   176  1.8600E+00  2.816E-03  2.816E-03  2.798E-03  2.798E-03
   177  1.7700E+00  2.831E-03  2.831E-03  2.653E-03  2.653E-03
   178  1.6800E+00  2.860E-03  2.860E-03  2.505E-03  2.505E-03
   179  1.5900E+00  2.883E-03  2.883E-03  2.361E-03  2.361E-03
   180  1.5000E+00  2.900E-03  2.900E-03  4.051E-03  4.051E-03
   181  1.4500E+00  2.913E-03  2.913E-03  3.909E-03  3.909E-03
   182  1.4000E+00  2.927E-03  2.927E-03  3.768E-03  3.768E-03
   183  1.3500E+00  2.942E-03  2.942E-03  3.627E-03  3.627E-03
   184  1.3000E+00  2.961E-03  2.961E-03  3.487E-03  3.487E-03
   185  1.2500E+00  2.977E-03  2.977E-03  6.764E-03  6.764E-03
   186  1.2250E+00  2.990E-03  2.990E-03  6.625E-03  6.625E-03
   187  1.2000E+00  3.004E-03  3.004E-03  6.485E-03  6.485E-03
   188  1.1750E+00  3.020E-03  3.020E-03  6.346E-03  6.346E-03
   189  1.1500E+00  3.031E-03  3.031E-03  1.562E-02  1.562E-02
   190  1.1400E+00  3.038E-03  3.038E-03  1.549E-02  1.549E-02
   191  1.1300E+00  3.044E-03  3.044E-03  1.535E-02  1.535E-02
   192  1.1200E+00  3.052E-03  3.052E-03  1.521E-02  1.521E-02
   193  1.1100E+00  3.059E-03  3.059E-03  1.507E-02  1.507E-02
   194  1.1000E+00  3.067E-03  3.067E-03  1.493E-02  1.493E-02
   195  1.0900E+00  3.075E-03  3.075E-03  1.479E-02  1.479E-02
   196  1.0800E+00  3.084E-03  3.084E-03  1.465E-02  1.465E-02
   197  1.0700E+00  3.093E-03  3.093E-03  1.452E-02  1.452E-02
   198  1.0600E+00  3.102E-03  3.102E-03  1.438E-02  1.438E-02
   199  1.0500E+00  3.112E-03  3.112E-03  1.424E-02  1.424E-02
   200  1.0400E+00  3.123E-03  3.123E-03  1.410E-02  1.410E-02
   201  1.0300E+00  3.134E-03  3.134E-03  1.397E-02  1.397E-02
   202  1.0200E+00  3.146E-03  3.146E-03  1.383E-02  1.383E-02
   203  1.0100E+00  3.158E-03  3.158E-03  1.369E-02  1.369E-02
   204  1.0000E+00  3.183E-03  3.183E-03  5.379E-03  5.379E-03
   205  9.7500E-01  3.222E-03  3.222E-03  5.242E-03  5.242E-03
   206  9.5000E-01  3.267E-03  3.267E-03  5.104E-03  5.104E-03
   207  9.2500E-01  3.319E-03  3.319E-03  4.967E-03  4.967E-03
   208  9.0000E-01  3.412E-03  3.412E-03  2.380E-03  2.380E-03
   209  8.5000E-01  3.571E-03  3.571E-03  2.243E-03  2.243E-03
   210  8.0000E-01  3.792E-03  3.792E-03  2.106E-03  2.106E-03
   211  7.5000E-01  4.113E-03  4.113E-03  1.970E-03  1.970E-03
   212  7.0000E-01  4.568E-03  4.568E-03  1.833E-03  1.833E-03
   213  6.5000E-01  5.018E-03  5.018E-03  3.463E-03  3.463E-03
   214  6.2500E-01  5.402E-03  5.402E-03  3.327E-03  3.327E-03
   215  6.0000E-01  6.119E-03  6.119E-03  1.560E-03  1.560E-03
   216  5.5000E-01  7.378E-03  7.378E-03  1.424E-03  1.424E-03
   217  5.0000E-01  9.083E-03  9.083E-03  1.288E-03  1.288E-03
   218  4.5000E-01  1.132E-02  1.132E-02  1.152E-03  1.152E-03
   219  4.0000E-01  1.335E-02  1.335E-02  2.101E-03  2.101E-03
   220  3.7500E-01  1.494E-02  1.494E-02  1.965E-03  1.965E-03
   221  3.5000E-01  1.665E-02  1.665E-02  1.829E-03  1.829E-03
   222  3.2500E-01  1.843E-02  1.843E-02  1.693E-03  1.693E-03
   223  3.0000E-01  2.025E-02  2.025E-02  1.557E-03  1.557E-03
   224  2.7500E-01  2.200E-02  2.200E-02  1.421E-03  1.421E-03
   225  2.5000E-01  2.352E-02  2.352E-02  1.285E-03  1.285E-03
   226  2.2500E-01  2.467E-02  2.467E-02  1.149E-03  1.149E-03
   227  2.0000E-01  2.521E-02  2.521E-02  1.013E-03  1.013E-03
   228  1.7500E-01  2.489E-02  2.489E-02  8.770E-04  8.770E-04
   229  1.5000E-01  2.342E-02  2.342E-02  7.412E-04  7.412E-04
   230  1.2500E-01  2.087E-02  2.087E-02  6.055E-04  6.055E-04
   231  1.0000E-01  1.836E-02  1.836E-02  1.282E-03  1.282E-03
   232  9.0000E-02  1.644E-02  1.644E-02  1.147E-03  1.147E-03
   233  8.0000E-02  1.423E-02  1.423E-02  1.012E-03  1.012E-03
   234  7.0000E-02  1.190E-02  1.190E-02  8.763E-04  8.763E-04
   235  6.0000E-02  9.477E-03  9.477E-03  7.409E-04  7.409E-04
   236  5.0000E-02  7.049E-03  7.049E-03  6.053E-04  6.053E-04
   237  4.0000E-02  4.693E-03  4.693E-03  4.694E-04  4.694E-04
   238  3.0000E-02  3.186E-03  3.186E-03  7.925E-04  7.925E-04
   239  2.5300E-02  1.317E-03  1.317E-03  1.454E-04  1.454E-04
   240  1.0000E-02  3.755E-04  3.755E-04  4.691E-04  4.691E-04
   241  7.5000E-03  1.973E-04  1.973E-04  3.327E-04  3.327E-04
   242  5.0000E-03  1.052E-04  1.052E-04  6.045E-04  6.045E-04
   243  4.0000E-03  6.426E-05  6.426E-05  4.688E-04  4.688E-04
   244  3.0000E-03  4.022E-05  4.022E-05  7.395E-04  7.395E-04
   245  2.5000E-03  2.702E-05  2.702E-05  6.041E-04  6.041E-04
   246  2.0000E-03  1.587E-05  1.587E-05  4.686E-04  4.686E-04
   247  1.5000E-03  8.153E-06  8.153E-06  6.043E-04  6.043E-04
   248  1.2000E-03  4.710E-06  4.710E-06  7.399E-04  7.399E-04
   249  1.0000E-03  2.529E-06  2.529E-06  4.691E-04  4.691E-04
   250  7.5000E-04  1.036E-06  1.036E-06  3.331E-04  3.331E-04
   251  5.0000E-04  8.735E-08  8.735E-08  8.418E-05  8.418E-05
   252  1.0000E-04  2.016E-10  2.016E-10  5.946E-05  5.946E-05


     1  2.0000E+07  0.000E+00  0.000E+00  7.475E-04  7.475E-04
     2  1.7330E+07  1.139E-07  1.139E-07  1.146E-03  1.146E-03
     3  1.5680E+07  7.664E-07  7.664E-07  1.541E-03  1.541E-03
     4  1.4550E+07  1.577E-06  1.577E-06  2.248E-03  2.248E-03
     5  1.3840E+07  3.019E-06  3.019E-06  1.478E-03  1.478E-03
     6  1.2840E+07  1.577E-05  1.577E-05  4.367E-04  4.367E-04
     7  1.0000E+07  6.267E-05  6.267E-05  5.404E-04  5.404E-04
     8  8.1870E+06  2.232E-04  2.232E-04  4.993E-04  4.993E-04
     9  6.4340E+06  6.114E-04  6.114E-04  4.233E-04  4.233E-04
    10  4.8000E+06  9.881E-04  9.881E-04  1.144E-03  1.144E-03
    11  4.3040E+06  1.259E-03  1.259E-03  3.462E-04  3.462E-04
    12  3.0000E+06  2.104E-03  2.104E-03  6.518E-04  6.518E-04
    13  2.4790E+06  2.721E-03  2.721E-03  2.401E-03  2.401E-03
    14  2.3540E+06  3.302E-03  3.302E-03  5.156E-04  5.156E-04
    15  1.8500E+06  3.859E-03  3.859E-03  5.924E-04  5.924E-04
    16  1.5000E+06  4.011E-03  4.011E-03  1.801E-03  1.801E-03
    17  1.4000E+06  3.976E-03  3.976E-03  3.891E-03  3.891E-03
    18  1.3560E+06  3.967E-03  3.967E-03  4.258E-03  4.258E-03
    19  1.3170E+06  3.931E-03  3.931E-03  2.380E-03  2.380E-03
    20  1.2500E+06  3.930E-03  3.930E-03  3.044E-03  3.044E-03
    21  1.2000E+06  4.025E-03  4.025E-03  1.428E-03  1.428E-03
    22  1.1000E+06  4.069E-03  4.069E-03  1.456E-03  1.456E-03
    23  1.0100E+06  4.025E-03  4.025E-03  1.332E-03  1.332E-03
    24  9.2000E+05  3.997E-03  3.997E-03  5.656E-03  5.656E-03
    25  9.0000E+05  4.024E-03  4.024E-03  4.413E-03  4.413E-03
    26  8.7500E+05  4.013E-03  4.013E-03  7.763E-03  7.763E-03
    27  8.6110E+05  4.019E-03  4.019E-03  2.542E-03  2.542E-03
    28  8.2000E+05  4.033E-03  4.033E-03  1.393E-03  1.393E-03
    29  7.5000E+05  4.025E-03  4.025E-03  1.250E-03  1.250E-03
    30  6.7900E+05  3.990E-03  3.990E-03  9.320E-03  9.320E-03
    31  6.7000E+05  3.887E-03  3.887E-03  1.127E-03  1.127E-03
    32  6.0000E+05  3.852E-03  3.852E-03  2.701E-03  2.701E-03
    33  5.7300E+05  3.867E-03  3.867E-03  3.036E-03  3.036E-03
    34  5.5000E+05  3.769E-03  3.769E-03  1.116E-03  1.116E-03
    35  4.9200E+05  3.762E-03  3.762E-03  2.720E-03  2.720E-03
    36  4.7000E+05  3.644E-03  3.644E-03  1.886E-03  1.886E-03
    37  4.4000E+05  3.477E-03  3.477E-03  2.675E-03  2.675E-03
    38  4.2000E+05  3.465E-03  3.465E-03  2.550E-03  2.550E-03
    39  4.0000E+05  3.337E-03  3.337E-03  6.469E-04  6.469E-04
    40  3.3000E+05  3.085E-03  3.085E-03  6.202E-04  6.202E-04
    41  2.7000E+05  3.058E-03  3.058E-03  4.148E-04  4.148E-04
    42  2.0000E+05  3.233E-03  3.233E-03  4.229E-04  4.229E-04
    43  1.4900E+05  3.248E-03  3.248E-03  8.326E-04  8.326E-04
    44  1.2830E+05  3.091E-03  3.091E-03  4.998E-04  4.998E-04
    45  1.0000E+05  3.043E-03  3.043E-03  7.666E-04  7.666E-04
    46  8.5000E+04  3.382E-03  3.382E-03  3.468E-03  3.468E-03
    47  8.2000E+04  3.359E-03  3.359E-03  1.396E-03  1.396E-03
    48  7.5000E+04  3.287E-03  3.287E-03  4.611E-03  4.611E-03
    49  7.3000E+04  3.261E-03  3.261E-03  6.356E-04  6.356E-04
    50  6.0000E+04  3.216E-03  3.216E-03  8.713E-04  8.713E-04
    51  5.2000E+04  3.033E-03  3.033E-03  3.180E-03  3.180E-03
    52  5.0000E+04  2.950E-03  2.950E-03  1.184E-03  1.184E-03
    53  4.5000E+04  3.182E-03  3.182E-03  3.077E-04  3.077E-04
    54  3.0000E+04  3.138E-03  3.138E-03  3.080E-04  3.080E-04
    55  2.0000E+04  3.135E-03  3.135E-03  7.694E-04  7.694E-04
    56  1.7000E+04  3.117E-03  3.117E-03  4.664E-04  4.664E-04
    57  1.3000E+04  3.104E-03  3.104E-03  3.993E-04  3.993E-04
    58  9.5000E+03  3.096E-03  3.096E-03  7.457E-04  7.457E-04
    59  8.0300E+03  3.086E-03  3.086E-03  3.661E-04  3.661E-04
    60  5.7000E+03  3.074E-03  3.074E-03  3.311E-04  3.311E-04
    61  3.9000E+03  3.071E-03  3.071E-03  3.005E-03  3.005E-03
    62  3.7400E+03  3.063E-03  3.063E-03  5.711E-04  5.711E-04
    63  3.0000E+03  3.055E-03  3.055E-03  6.914E-04  6.914E-04
    64  2.5000E+03  3.054E-03  3.054E-03  1.198E-03  1.198E-03
    65  2.2500E+03  3.046E-03  3.046E-03  5.617E-03  5.617E-03
    66  2.2000E+03  3.044E-03  3.044E-03  6.295E-04  6.295E-04
    67  1.8000E+03  3.040E-03  3.040E-03  8.460E-04  8.460E-04
    68  1.5500E+03  3.031E-03  3.031E-03  3.859E-03  3.859E-03
    69  1.5000E+03  3.030E-03  3.030E-03  4.770E-04  4.770E-04
    70  1.1500E+03  3.021E-03  3.021E-03  6.645E-04  6.645E-04
    71  9.5000E+02  3.009E-03  3.009E-03  3.856E-04  3.856E-04
    72  6.8300E+02  2.972E-03  2.972E-03  6.627E-03  6.627E-03
    73  6.7000E+02  3.000E-03  3.000E-03  6.467E-04  6.467E-04
    74  5.5000E+02  2.976E-03  2.976E-03  2.170E-04  2.170E-04
    75  3.0500E+02  2.943E-03  2.943E-03  1.900E-03  1.900E-03
    76  2.8500E+02  2.946E-03  2.946E-03  7.519E-04  7.519E-04
    77  2.4000E+02  2.920E-03  2.920E-03  1.489E-03  1.489E-03
    78  2.2000E+02  2.954E-03  2.954E-03  2.663E-03  2.663E-03
    79  2.0950E+02  2.935E-03  2.935E-03  1.294E-02  1.294E-02
    80  2.0740E+02  2.934E-03  2.934E-03  4.939E-03  4.939E-03
    81  2.0200E+02  2.888E-03  2.888E-03  2.833E-03  2.833E-03
    82  1.9300E+02  2.775E-03  2.775E-03  1.617E-02  1.617E-02
    83  1.9150E+02  2.957E-03  2.957E-03  8.284E-03  8.284E-03
    84  1.8850E+02  2.920E-03  2.920E-03  3.076E-02  3.076E-02
    85  1.8770E+02  2.925E-03  2.925E-03  3.122E-03  3.122E-03
    86  1.8000E+02  2.865E-03  2.865E-03  2.277E-03  2.277E-03
    87  1.7000E+02  2.919E-03  2.919E-03  7.565E-04  7.565E-04
    88  1.4300E+02  2.895E-03  2.895E-03  8.260E-04  8.260E-04
    89  1.2200E+02  2.787E-03  2.787E-03  5.145E-03  5.145E-03
    90  1.1900E+02  2.906E-03  2.906E-03  1.043E-02  1.043E-02
    91  1.1750E+02  2.887E-03  2.887E-03  1.029E-02  1.029E-02
    92  1.1600E+02  2.809E-03  2.809E-03  4.975E-03  4.975E-03
    93  1.1300E+02  2.861E-03  2.861E-03  2.906E-03  2.906E-03
    94  1.0800E+02  2.872E-03  2.872E-03  4.710E-03  4.710E-03
    95  1.0500E+02  2.872E-03  2.872E-03  3.598E-03  3.598E-03
    96  1.0120E+02  2.866E-03  2.866E-03  3.129E-03  3.129E-03
    97  9.7000E+01  2.866E-03  2.866E-03  1.768E-03  1.768E-03
    98  9.0000E+01  2.864E-03  2.864E-03  1.371E-03  1.371E-03
    99  8.1700E+01  2.864E-03  2.864E-03  6.306E-03  6.306E-03
   100  8.0000E+01  2.863E-03  2.863E-03  2.589E-03  2.589E-03
   101  7.6000E+01  2.856E-03  2.856E-03  2.460E-03  2.460E-03
   102  7.2000E+01  2.774E-03  2.774E-03  2.021E-03  2.021E-03
   103  6.7500E+01  2.837E-03  2.837E-03  3.549E-03  3.549E-03
   104  6.5000E+01  2.835E-03  2.835E-03  4.292E-03  4.292E-03
   105  6.3000E+01  2.832E-03  2.832E-03  4.159E-03  4.159E-03
   106  6.1000E+01  2.744E-03  2.744E-03  2.604E-03  2.604E-03
   107  5.8000E+01  2.810E-03  2.810E-03  1.632E-03  1.632E-03
   108  5.3400E+01  2.808E-03  2.808E-03  2.502E-03  2.502E-03
   109  5.0600E+01  2.804E-03  2.804E-03  2.897E-03  2.897E-03
   110  4.8300E+01  2.806E-03  2.806E-03  2.031E-03  2.031E-03
   111  4.5200E+01  2.805E-03  2.805E-03  5.007E-03  5.007E-03
   112  4.4000E+01  2.802E-03  2.802E-03  3.637E-03  3.637E-03
   113  4.2400E+01  2.805E-03  2.805E-03  4.011E-03  4.011E-03
   114  4.1000E+01  2.803E-03  2.803E-03  3.877E-03  3.877E-03
   115  3.9600E+01  2.803E-03  2.803E-03  1.060E-02  1.060E-02
   116  3.9100E+01  2.805E-03  2.805E-03  4.719E-03  4.719E-03
   117  3.8000E+01  2.804E-03  2.804E-03  1.377E-02  1.377E-02
   118  3.7630E+01  2.802E-03  2.802E-03  1.402E-02  1.402E-02
   119  3.7270E+01  2.803E-03  2.803E-03  3.580E-02  3.580E-02
   120  3.7130E+01  2.803E-03  2.803E-03  3.841E-02  3.841E-02
   121  3.7000E+01  2.801E-03  2.801E-03  4.920E-03  4.920E-03
   122  3.6000E+01  2.802E-03  2.802E-03  9.641E-03  9.641E-03
   123  3.5500E+01  2.802E-03  2.802E-03  9.509E-03  9.509E-03
   124  3.5000E+01  2.799E-03  2.799E-03  3.708E-03  3.708E-03
   125  3.3750E+01  2.799E-03  2.799E-03  9.024E-03  9.024E-03
   126  3.3250E+01  2.798E-03  2.798E-03  2.915E-03  2.915E-03
   127  3.1750E+01  2.798E-03  2.798E-03  8.468E-03  8.468E-03
   128  3.1250E+01  2.798E-03  2.798E-03  3.289E-03  3.289E-03
   129  3.0000E+01  2.795E-03  2.795E-03  1.547E-03  1.547E-03
   130  2.7500E+01  2.792E-03  2.792E-03  1.422E-03  1.422E-03
   131  2.5000E+01  2.661E-03  2.661E-03  1.260E-03  1.260E-03
   132  2.2500E+01  2.549E-03  2.549E-03  3.898E-03  3.898E-03
   133  2.1750E+01  2.558E-03  2.558E-03  5.206E-03  5.206E-03
   134  2.1200E+01  2.682E-03  2.682E-03  4.160E-03  4.160E-03
   135  2.0500E+01  2.681E-03  2.681E-03  5.662E-03  5.662E-03
   136  2.0000E+01  2.678E-03  2.678E-03  4.591E-03  4.591E-03
   137  1.9400E+01  2.663E-03  2.663E-03  2.947E-03  2.947E-03
   138  1.8500E+01  2.663E-03  2.663E-03  1.653E-03  1.653E-03
   139  1.7000E+01  2.655E-03  2.655E-03  2.308E-03  2.308E-03
   140  1.6000E+01  2.657E-03  2.657E-03  1.326E-03  1.326E-03
   141  1.4400E+01  2.656E-03  2.656E-03  1.270E-03  1.270E-03
   142  1.2900E+01  2.648E-03  2.648E-03  1.731E-03  1.731E-03
   143  1.1900E+01  2.653E-03  2.653E-03  4.080E-03  4.080E-03
   144  1.1500E+01  2.640E-03  2.640E-03  9.987E-04  9.987E-04
   145  1.0000E+01  2.640E-03  2.640E-03  1.477E-03  1.477E-03
   146  9.1000E+00  2.639E-03  2.639E-03  1.196E-03  1.196E-03
   147  8.1000E+00  2.637E-03  2.637E-03  1.115E-03  1.115E-03
   148  7.1500E+00  2.630E-03  2.630E-03  6.564E-03  6.564E-03
   149  7.0000E+00  2.611E-03  2.611E-03  7.738E-03  7.738E-03
   150  6.8750E+00  2.594E-03  2.594E-03  7.611E-03  7.611E-03
   151  6.7500E+00  2.612E-03  2.612E-03  3.692E-03  3.692E-03
   152  6.5000E+00  2.622E-03  2.622E-03  3.546E-03  3.546E-03
   153  6.2500E+00  2.621E-03  2.621E-03  3.406E-03  3.406E-03
   154  6.0000E+00  2.618E-03  2.618E-03  1.319E-03  1.319E-03
   155  5.4000E+00  2.609E-03  2.609E-03  1.802E-03  1.802E-03
   156  5.0000E+00  2.777E-03  2.777E-03  2.246E-03  2.246E-03
   157  4.7000E+00  2.878E-03  2.878E-03  1.017E-03  1.017E-03
   158  4.1000E+00  2.809E-03  2.809E-03  1.467E-03  1.467E-03
   159  3.7300E+00  2.597E-03  2.597E-03  2.181E-03  2.181E-03
   160  3.5000E+00  2.623E-03  2.623E-03  1.547E-03  1.547E-03
   161  3.2000E+00  2.709E-03  2.709E-03  4.367E-03  4.367E-03
   162  3.1000E+00  2.859E-03  2.859E-03  4.227E-03  4.227E-03
   163  3.0000E+00  2.972E-03  2.972E-03  1.379E-02  1.379E-02
   164  2.9700E+00  2.798E-03  2.798E-03  4.046E-03  4.046E-03
   165  2.8700E+00  2.748E-03  2.748E-03  3.906E-03  3.906E-03
   166  2.7700E+00  2.755E-03  2.755E-03  3.768E-03  3.768E-03
   167  2.6700E+00  2.761E-03  2.761E-03  3.630E-03  3.630E-03
   168  2.5700E+00  2.766E-03  2.766E-03  3.490E-03  3.490E-03
   169  2.4700E+00  2.762E-03  2.762E-03  3.730E-03  3.730E-03
   170  2.3800E+00  2.738E-03  2.738E-03  4.051E-03  4.051E-03
   171  2.3000E+00  2.734E-03  2.734E-03  3.475E-03  3.475E-03
   172  2.2100E+00  2.759E-03  2.759E-03  3.336E-03  3.336E-03
   173  2.1200E+00  2.774E-03  2.774E-03  2.379E-03  2.379E-03
   174  2.0000E+00  2.800E-03  2.800E-03  4.553E-03  4.553E-03
   175  1.9400E+00  2.793E-03  2.793E-03  3.296E-03  3.296E-03
   176  1.8600E+00  2.790E-03  2.790E-03  2.800E-03  2.800E-03
   177  1.7700E+00  2.803E-03  2.803E-03  2.654E-03  2.654E-03
   178  1.6800E+00  2.827E-03  2.827E-03  2.502E-03  2.502E-03
   179  1.5900E+00  2.854E-03  2.854E-03  2.362E-03  2.362E-03
   180  1.5000E+00  2.871E-03  2.871E-03  4.055E-03  4.055E-03
   181  1.4500E+00  2.883E-03  2.883E-03  3.913E-03  3.913E-03
   182  1.4000E+00  2.895E-03  2.895E-03  3.770E-03  3.770E-03
   183  1.3500E+00  2.909E-03  2.909E-03  3.628E-03  3.628E-03
   184  1.3000E+00  2.929E-03  2.929E-03  3.490E-03  3.490E-03
   185  1.2500E+00  2.947E-03  2.947E-03  6.773E-03  6.773E-03
   186  1.2250E+00  2.960E-03  2.960E-03  6.634E-03  6.634E-03
   187  1.2000E+00  2.974E-03  2.974E-03  6.495E-03  6.495E-03
   188  1.1750E+00  2.989E-03  2.989E-03  6.356E-03  6.356E-03
   189  1.1500E+00  3.000E-03  3.000E-03  1.565E-02  1.565E-02
   190  1.1400E+00  3.007E-03  3.007E-03  1.551E-02  1.551E-02
   191  1.1300E+00  3.014E-03  3.014E-03  1.537E-02  1.537E-02
   192  1.1200E+00  3.021E-03  3.021E-03  1.523E-02  1.523E-02
   193  1.1100E+00  3.029E-03  3.029E-03  1.509E-02  1.509E-02
   194  1.1000E+00  3.037E-03  3.037E-03  1.495E-02  1.495E-02
   195  1.0900E+00  3.045E-03  3.045E-03  1.482E-02  1.482E-02
   196  1.0800E+00  3.054E-03  3.054E-03  1.468E-02  1.468E-02
   197  1.0700E+00  3.063E-03  3.063E-03  1.454E-02  1.454E-02
   198  1.0600E+00  3.072E-03  3.072E-03  1.440E-02  1.440E-02
   199  1.0500E+00  3.082E-03  3.082E-03  1.426E-02  1.426E-02
   200  1.0400E+00  3.092E-03  3.092E-03  1.413E-02  1.413E-02
   201  1.0300E+00  3.104E-03  3.104E-03  1.399E-02  1.399E-02
   202  1.0200E+00  3.115E-03  3.115E-03  1.385E-02  1.385E-02
   203  1.0100E+00  3.128E-03  3.128E-03  1.371E-02  1.371E-02
   204  1.0000E+00  3.153E-03  3.153E-03  5.388E-03  5.388E-03
   205  9.7500E-01  3.193E-03  3.193E-03  5.250E-03  5.250E-03
   206  9.5000E-01  3.238E-03  3.238E-03  5.113E-03  5.113E-03
   207  9.2500E-01  3.290E-03  3.290E-03  4.975E-03  4.975E-03
   208  9.0000E-01  3.384E-03  3.384E-03  2.384E-03  2.384E-03
   209  8.5000E-01  3.544E-03  3.544E-03  2.247E-03  2.247E-03
   210  8.0000E-01  3.769E-03  3.769E-03  2.110E-03  2.110E-03
   211  7.5000E-01  4.094E-03  4.094E-03  1.973E-03  1.973E-03
   212  7.0000E-01  4.557E-03  4.557E-03  1.836E-03  1.836E-03
   213  6.5000E-01  5.015E-03  5.015E-03  3.469E-03  3.469E-03
   214  6.2500E-01  5.406E-03  5.406E-03  3.332E-03  3.332E-03
   215  6.0000E-01  6.138E-03  6.138E-03  1.563E-03  1.563E-03
   216  5.5000E-01  7.423E-03  7.423E-03  1.426E-03  1.426E-03
   217  5.0000E-01  9.165E-03  9.165E-03  1.290E-03  1.290E-03
   218  4.5000E-01  1.145E-02  1.145E-02  1.153E-03  1.153E-03
   219  4.0000E-01  1.353E-02  1.353E-02  2.104E-03  2.104E-03
   220  3.7500E-01  1.516E-02  1.516E-02  1.968E-03  1.968E-03
   221  3.5000E-01  1.691E-02  1.691E-02  1.832E-03  1.832E-03
   222  3.2500E-01  1.874E-02  1.874E-02  1.695E-03  1.695E-03
   223  3.0000E-01  2.061E-02  2.061E-02  1.559E-03  1.559E-03
   224  2.7500E-01  2.240E-02  2.240E-02  1.423E-03  1.423E-03
   225  2.5000E-01  2.396E-02  2.396E-02  1.287E-03  1.287E-03
   226  2.2500E-01  2.516E-02  2.516E-02  1.151E-03  1.151E-03
   227  2.0000E-01  2.573E-02  2.573E-02  1.014E-03  1.014E-03
   228  1.7500E-01  2.541E-02  2.541E-02  8.782E-04  8.782E-04
   229  1.5000E-01  2.392E-02  2.392E-02  7.421E-04  7.421E-04
   230  1.2500E-01  2.132E-02  2.132E-02  6.062E-04  6.062E-04
   231  1.0000E-01  1.877E-02  1.877E-02  1.284E-03  1.284E-03
   232  9.0000E-02  1.681E-02  1.681E-02  1.148E-03  1.148E-03
   233  8.0000E-02  1.455E-02  1.455E-02  1.013E-03  1.013E-03
   234  7.0000E-02  1.217E-02  1.217E-02  8.772E-04  8.772E-04
   235  6.0000E-02  9.697E-03  9.697E-03  7.417E-04  7.417E-04
   236  5.0000E-02  7.215E-03  7.215E-03  6.060E-04  6.060E-04
   237  4.0000E-02  4.805E-03  4.805E-03  4.700E-04  4.700E-04
   238  3.0000E-02  3.264E-03  3.264E-03  7.934E-04  7.934E-04
   239  2.5300E-02  1.349E-03  1.349E-03  1.456E-04  1.456E-04
   240  1.0000E-02  3.849E-04  3.849E-04  4.697E-04  4.697E-04
   241  7.5000E-03  2.023E-04  2.023E-04  3.331E-04  3.331E-04
   242  5.0000E-03  1.079E-04  1.079E-04  6.052E-04  6.052E-04
   243  4.0000E-03  6.587E-05  6.587E-05  4.694E-04  4.694E-04
   244  3.0000E-03  4.122E-05  4.122E-05  7.404E-04  7.404E-04
   245  2.5000E-03  2.769E-05  2.769E-05  6.048E-04  6.048E-04
   246  2.0000E-03  1.627E-05  1.627E-05  4.692E-04  4.692E-04
   247  1.5000E-03  8.363E-06  8.363E-06  6.051E-04  6.051E-04
   248  1.2000E-03  4.833E-06  4.833E-06  7.408E-04  7.408E-04
   249  1.0000E-03  2.596E-06  2.596E-06  4.697E-04  4.697E-04
   250  7.5000E-04  1.064E-06  1.064E-06  3.335E-04  3.335E-04
   251  5.0000E-04  8.998E-08  8.998E-08  8.429E-05  8.429E-05
   252  1.0000E-04  2.114E-10  2.114E-10  5.956E-05  5.956E-05


     1  2.0000E+07  0.000E+00  0.000E+00  7.471E-04  7.471E-04
     2  1.7330E+07  1.100E-07  1.100E-07  1.145E-03  1.145E-03
     3  1.5680E+07  7.401E-07  7.401E-07  1.540E-03  1.540E-03
     4  1.4550E+07  1.523E-06  1.523E-06  2.247E-03  2.247E-03
     5  1.3840E+07  2.920E-06  2.920E-06  1.477E-03  1.477E-03
     6  1.2840E+07  1.527E-05  1.527E-05  4.363E-04  4.363E-04
     7  1.0000E+07  6.069E-05  6.069E-05  5.398E-04  5.398E-04
     8  8.1870E+06  2.161E-04  2.161E-04  4.987E-04  4.987E-04
     9  6.4340E+06  5.921E-04  5.921E-04  4.226E-04  4.226E-04
    10  4.8000E+06  9.569E-04  9.569E-04  1.142E-03  1.142E-03
    11  4.3040E+06  1.219E-03  1.219E-03  3.456E-04  3.456E-04
    12  3.0000E+06  2.038E-03  2.038E-03  6.505E-04  6.505E-04
    13  2.4790E+06  2.636E-03  2.636E-03  2.396E-03  2.396E-03
    14  2.3540E+06  3.198E-03  3.198E-03  5.145E-04  5.145E-04
    15  1.8500E+06  3.738E-03  3.738E-03  5.911E-04  5.911E-04
    16  1.5000E+06  3.886E-03  3.886E-03  1.797E-03  1.797E-03
    17  1.4000E+06  3.852E-03  3.852E-03  3.883E-03  3.883E-03
    18  1.3560E+06  3.843E-03  3.843E-03  4.249E-03  4.249E-03
    19  1.3170E+06  3.809E-03  3.809E-03  2.375E-03  2.375E-03
    20  1.2500E+06  3.807E-03  3.807E-03  3.037E-03  3.037E-03
    21  1.2000E+06  3.899E-03  3.899E-03  1.425E-03  1.425E-03
    22  1.1000E+06  3.942E-03  3.942E-03  1.453E-03  1.453E-03
    23  1.0100E+06  3.900E-03  3.900E-03  1.329E-03  1.329E-03
    24  9.2000E+05  3.872E-03  3.872E-03  5.643E-03  5.643E-03
    25  9.0000E+05  3.899E-03  3.899E-03  4.403E-03  4.403E-03
    26  8.7500E+05  3.888E-03  3.888E-03  7.746E-03  7.746E-03
    27  8.6110E+05  3.894E-03  3.894E-03  2.536E-03  2.536E-03
    28  8.2000E+05  3.907E-03  3.907E-03  1.390E-03  1.390E-03
    29  7.5000E+05  3.899E-03  3.899E-03  1.248E-03  1.248E-03
    30  6.7900E+05  3.866E-03  3.866E-03  9.300E-03  9.300E-03
    31  6.7000E+05  3.766E-03  3.766E-03  1.125E-03  1.125E-03
    32  6.0000E+05  3.732E-03  3.732E-03  2.695E-03  2.695E-03
    33  5.7300E+05  3.747E-03  3.747E-03  3.030E-03  3.030E-03
    34  5.5000E+05  3.651E-03  3.651E-03  1.114E-03  1.114E-03
    35  4.9200E+05  3.645E-03  3.645E-03  2.714E-03  2.714E-03
    36  4.7000E+05  3.530E-03  3.530E-03  1.882E-03  1.882E-03
    37  4.4000E+05  3.368E-03  3.368E-03  2.669E-03  2.669E-03
    38  4.2000E+05  3.357E-03  3.357E-03  2.545E-03  2.545E-03
    39  4.0000E+05  3.233E-03  3.233E-03  6.455E-04  6.455E-04
    40  3.3000E+05  2.989E-03  2.989E-03  6.188E-04  6.188E-04
    41  2.7000E+05  2.963E-03  2.963E-03  4.139E-04  4.139E-04
    42  2.0000E+05  3.132E-03  3.132E-03  4.220E-04  4.220E-04
    43  1.4900E+05  3.147E-03  3.147E-03  8.307E-04  8.307E-04
    44  1.2830E+05  2.995E-03  2.995E-03  4.987E-04  4.987E-04
    45  1.0000E+05  2.949E-03  2.949E-03  7.649E-04  7.649E-04
    46  8.5000E+04  3.276E-03  3.276E-03  3.460E-03  3.460E-03
    47  8.2000E+04  3.254E-03  3.254E-03  1.393E-03  1.393E-03
    48  7.5000E+04  3.185E-03  3.185E-03  4.601E-03  4.601E-03
    49  7.3000E+04  3.160E-03  3.160E-03  6.342E-04  6.342E-04
    50  6.0000E+04  3.116E-03  3.116E-03  8.694E-04  8.694E-04
    51  5.2000E+04  2.938E-03  2.938E-03  3.173E-03  3.173E-03
    52  5.0000E+04  2.858E-03  2.858E-03  1.181E-03  1.181E-03
    53  4.5000E+04  3.083E-03  3.083E-03  3.070E-04  3.070E-04
    54  3.0000E+04  3.041E-03  3.041E-03  3.073E-04  3.073E-04
    55  2.0000E+04  3.038E-03  3.038E-03  7.676E-04  7.676E-04
    56  1.7000E+04  3.020E-03  3.020E-03  4.653E-04  4.653E-04
    57  1.3000E+04  3.008E-03  3.008E-03  3.984E-04  3.984E-04
    58  9.5000E+03  3.000E-03  3.000E-03  7.440E-04  7.440E-04
    59  8.0300E+03  2.991E-03  2.991E-03  3.653E-04  3.653E-04
    60  5.7000E+03  2.979E-03  2.979E-03  3.304E-04  3.304E-04
    61  3.9000E+03  2.976E-03  2.976E-03  2.998E-03  2.998E-03
    62  3.7400E+03  2.969E-03  2.969E-03  5.698E-04  5.698E-04
    63  3.0000E+03  2.961E-03  2.961E-03  6.898E-04  6.898E-04
    64  2.5000E+03  2.960E-03  2.960E-03  1.195E-03  1.195E-03
    65  2.2500E+03  2.952E-03  2.952E-03  5.604E-03  5.604E-03
    66  2.2000E+03  2.950E-03  2.950E-03  6.280E-04  6.280E-04
    67  1.8000E+03  2.946E-03  2.946E-03  8.440E-04  8.440E-04
    68  1.5500E+03  2.937E-03  2.937E-03  3.851E-03  3.851E-03
    69  1.5000E+03  2.936E-03  2.936E-03  4.759E-04  4.759E-04
    70  1.1500E+03  2.929E-03  2.929E-03  6.630E-04  6.630E-04
    71  9.5000E+02  2.917E-03  2.917E-03  3.847E-04  3.847E-04
    72  6.8300E+02  2.881E-03  2.881E-03  6.612E-03  6.612E-03
    73  6.7000E+02  2.908E-03  2.908E-03  6.452E-04  6.452E-04
    74  5.5000E+02  2.885E-03  2.885E-03  2.165E-04  2.165E-04
    75  3.0500E+02  2.853E-03  2.853E-03  1.896E-03  1.896E-03
    76  2.8500E+02  2.857E-03  2.857E-03  7.503E-04  7.503E-04
    77  2.4000E+02  2.831E-03  2.831E-03  1.485E-03  1.485E-03
    78  2.2000E+02  2.864E-03  2.864E-03  2.658E-03  2.658E-03
    79  2.0950E+02  2.846E-03  2.846E-03  1.291E-02  1.291E-02
    80  2.0740E+02  2.845E-03  2.845E-03  4.929E-03  4.929E-03
    81  2.0200E+02  2.801E-03  2.801E-03  2.827E-03  2.827E-03
    82  1.9300E+02  2.691E-03  2.691E-03  1.613E-02  1.613E-02
    83  1.9150E+02  2.867E-03  2.867E-03  8.265E-03  8.265E-03
    84  1.8850E+02  2.829E-03  2.829E-03  3.068E-02  3.068E-02
    85  1.8770E+02  2.836E-03  2.836E-03  3.115E-03  3.115E-03
    86  1.8000E+02  2.778E-03  2.778E-03  2.272E-03  2.272E-03
    87  1.7000E+02  2.830E-03  2.830E-03  7.549E-04  7.549E-04
    88  1.4300E+02  2.807E-03  2.807E-03  8.243E-04  8.243E-04
    89  1.2200E+02  2.703E-03  2.703E-03  5.135E-03  5.135E-03
    90  1.1900E+02  2.818E-03  2.818E-03  1.041E-02  1.041E-02
    91  1.1750E+02  2.800E-03  2.800E-03  1.027E-02  1.027E-02
    92  1.1600E+02  2.724E-03  2.724E-03  4.965E-03  4.965E-03
    93  1.1300E+02  2.773E-03  2.773E-03  2.899E-03  2.899E-03
    94  1.0800E+02  2.786E-03  2.786E-03  4.700E-03  4.700E-03
    95  1.0500E+02  2.784E-03  2.784E-03  3.591E-03  3.591E-03
    96  1.0120E+02  2.780E-03  2.780E-03  3.123E-03  3.123E-03
    97  9.7000E+01  2.779E-03  2.779E-03  1.765E-03  1.765E-03
    98  9.0000E+01  2.778E-03  2.778E-03  1.368E-03  1.368E-03
    99  8.1700E+01  2.778E-03  2.778E-03  6.294E-03  6.294E-03
   100  8.0000E+01  2.776E-03  2.776E-03  2.584E-03  2.584E-03
   101  7.6000E+01  2.770E-03  2.770E-03  2.456E-03  2.456E-03
   102  7.2000E+01  2.690E-03  2.690E-03  2.017E-03  2.017E-03
   103  6.7500E+01  2.752E-03  2.752E-03  3.542E-03  3.542E-03
   104  6.5000E+01  2.750E-03  2.750E-03  4.284E-03  4.284E-03
   105  6.3000E+01  2.748E-03  2.748E-03  4.151E-03  4.151E-03
   106  6.1000E+01  2.661E-03  2.661E-03  2.600E-03  2.600E-03
   107  5.8000E+01  2.726E-03  2.726E-03  1.629E-03  1.629E-03
   108  5.3400E+01  2.724E-03  2.724E-03  2.497E-03  2.497E-03
   109  5.0600E+01  2.719E-03  2.719E-03  2.891E-03  2.891E-03
   110  4.8300E+01  2.722E-03  2.722E-03  2.028E-03  2.028E-03
   111  4.5200E+01  2.720E-03  2.720E-03  4.999E-03  4.999E-03
   112  4.4000E+01  2.715E-03  2.715E-03  3.630E-03  3.630E-03
   113  4.2400E+01  2.722E-03  2.722E-03  4.004E-03  4.004E-03
   114  4.1000E+01  2.720E-03  2.720E-03  3.871E-03  3.871E-03
   115  3.9600E+01  2.719E-03  2.719E-03  1.058E-02  1.058E-02
   116  3.9100E+01  2.720E-03  2.720E-03  4.711E-03  4.711E-03
   117  3.8000E+01  2.719E-03  2.719E-03  1.374E-02  1.374E-02
   118  3.7630E+01  2.719E-03  2.719E-03  1.400E-02  1.400E-02
   119  3.7270E+01  2.719E-03  2.719E-03  3.574E-02  3.574E-02
   120  3.7130E+01  2.719E-03  2.719E-03  3.835E-02  3.835E-02
   121  3.7000E+01  2.717E-03  2.717E-03  4.912E-03  4.912E-03
   122  3.6000E+01  2.718E-03  2.718E-03  9.625E-03  9.625E-03
   123  3.5500E+01  2.718E-03  2.718E-03  9.494E-03  9.494E-03
   124  3.5000E+01  2.715E-03  2.715E-03  3.702E-03  3.702E-03
   125  3.3750E+01  2.716E-03  2.716E-03  9.010E-03  9.010E-03
   126  3.3250E+01  2.715E-03  2.715E-03  2.910E-03  2.910E-03
   127  3.1750E+01  2.713E-03  2.713E-03  8.452E-03  8.452E-03
   128  3.1250E+01  2.713E-03  2.713E-03  3.282E-03  3.282E-03
   129  3.0000E+01  2.712E-03  2.712E-03  1.544E-03  1.544E-03
   130  2.7500E+01  2.709E-03  2.709E-03  1.420E-03  1.420E-03
   131  2.5000E+01  2.583E-03  2.583E-03  1.258E-03  1.258E-03
   132  2.2500E+01  2.475E-03  2.475E-03  3.892E-03  3.892E-03
   133  2.1750E+01  2.483E-03  2.483E-03  5.199E-03  5.199E-03
   134  2.1200E+01  2.602E-03  2.602E-03  4.152E-03  4.152E-03
   135  2.0500E+01  2.602E-03  2.602E-03  5.653E-03  5.653E-03
   136  2.0000E+01  2.599E-03  2.599E-03  4.584E-03  4.584E-03
   137  1.9400E+01  2.586E-03  2.586E-03  2.943E-03  2.943E-03
   138  1.8500E+01  2.585E-03  2.585E-03  1.651E-03  1.651E-03
   139  1.7000E+01  2.578E-03  2.578E-03  2.304E-03  2.304E-03
   140  1.6000E+01  2.581E-03  2.581E-03  1.324E-03  1.324E-03
   141  1.4400E+01  2.579E-03  2.579E-03  1.268E-03  1.268E-03
   142  1.2900E+01  2.572E-03  2.572E-03  1.729E-03  1.729E-03
   143  1.1900E+01  2.577E-03  2.577E-03  4.073E-03  4.073E-03
   144  1.1500E+01  2.566E-03  2.566E-03  9.972E-04  9.972E-04
   145  1.0000E+01  2.566E-03  2.566E-03  1.474E-03  1.474E-03
   146  9.1000E+00  2.564E-03  2.564E-03  1.194E-03  1.194E-03
   147  8.1000E+00  2.562E-03  2.562E-03  1.114E-03  1.114E-03
   148  7.1500E+00  2.555E-03  2.555E-03  6.554E-03  6.554E-03
   149  7.0000E+00  2.539E-03  2.539E-03  7.727E-03  7.727E-03
   150  6.8750E+00  2.525E-03  2.525E-03  7.604E-03  7.604E-03
   151  6.7500E+00  2.540E-03  2.540E-03  3.688E-03  3.688E-03
   152  6.5000E+00  2.548E-03  2.548E-03  3.543E-03  3.543E-03
   153  6.2500E+00  2.548E-03  2.548E-03  3.404E-03  3.404E-03
   154  6.0000E+00  2.543E-03  2.543E-03  1.318E-03  1.318E-03
   155  5.4000E+00  2.516E-03  2.516E-03  1.794E-03  1.794E-03
   156  5.0000E+00  2.693E-03  2.693E-03  2.251E-03  2.251E-03
   157  4.7000E+00  2.789E-03  2.789E-03  1.019E-03  1.019E-03
   158  4.1000E+00  2.722E-03  2.722E-03  1.471E-03  1.471E-03
   159  3.7300E+00  2.518E-03  2.518E-03  2.187E-03  2.187E-03
   160  3.5000E+00  2.543E-03  2.543E-03  1.551E-03  1.551E-03
   161  3.2000E+00  2.626E-03  2.626E-03  4.378E-03  4.378E-03
   162  3.1000E+00  2.772E-03  2.772E-03  4.239E-03  4.239E-03
   163  3.0000E+00  2.882E-03  2.882E-03  1.383E-02  1.383E-02
   164  2.9700E+00  2.712E-03  2.712E-03  4.056E-03  4.056E-03
   165  2.8700E+00  2.663E-03  2.663E-03  3.915E-03  3.915E-03
   166  2.7700E+00  2.671E-03  2.671E-03  3.778E-03  3.778E-03
   167  2.6700E+00  2.678E-03  2.678E-03  3.639E-03  3.639E-03
   168  2.5700E+00  2.683E-03  2.683E-03  3.500E-03  3.500E-03
   169  2.4700E+00  2.680E-03  2.680E-03  3.741E-03  3.741E-03
   170  2.3800E+00  2.661E-03  2.661E-03  4.064E-03  4.064E-03
   171  2.3000E+00  2.659E-03  2.659E-03  3.486E-03  3.486E-03
   172  2.2100E+00  2.681E-03  2.681E-03  3.345E-03  3.345E-03
   173  2.1200E+00  2.696E-03  2.696E-03  2.385E-03  2.385E-03
   174  2.0000E+00  2.724E-03  2.724E-03  4.564E-03  4.564E-03
   175  1.9400E+00  2.719E-03  2.719E-03  3.304E-03  3.304E-03
   176  1.8600E+00  2.719E-03  2.719E-03  2.807E-03  2.807E-03
   177  1.7700E+00  2.732E-03  2.732E-03  2.660E-03  2.660E-03
   178  1.6800E+00  2.753E-03  2.753E-03  2.506E-03  2.506E-03
   179  1.5900E+00  2.781E-03  2.781E-03  2.367E-03  2.367E-03
   180  1.5000E+00  2.798E-03  2.798E-03  4.064E-03  4.064E-03
   181  1.4500E+00  2.810E-03  2.810E-03  3.922E-03  3.922E-03
   182  1.4000E+00  2.821E-03  2.821E-03  3.777E-03  3.777E-03
   183  1.3500E+00  2.835E-03  2.835E-03  3.635E-03  3.635E-03
   184  1.3000E+00  2.855E-03  2.855E-03  3.498E-03  3.498E-03
   185  1.2500E+00  2.873E-03  2.873E-03  6.790E-03  6.790E-03
   186  1.2250E+00  2.886E-03  2.886E-03  6.651E-03  6.651E-03
   187  1.2000E+00  2.900E-03  2.900E-03  6.512E-03  6.512E-03
   188  1.1750E+00  2.915E-03  2.915E-03  6.373E-03  6.373E-03
   189  1.1500E+00  2.926E-03  2.926E-03  1.569E-02  1.569E-02
   190  1.1400E+00  2.933E-03  2.933E-03  1.555E-02  1.555E-02
   191  1.1300E+00  2.940E-03  2.940E-03  1.541E-02  1.541E-02
   192  1.1200E+00  2.947E-03  2.947E-03  1.527E-02  1.527E-02
   193  1.1100E+00  2.955E-03  2.955E-03  1.513E-02  1.513E-02
   194  1.1000E+00  2.963E-03  2.963E-03  1.499E-02  1.499E-02
   195  1.0900E+00  2.971E-03  2.971E-03  1.486E-02  1.486E-02
   196  1.0800E+00  2.980E-03  2.980E-03  1.472E-02  1.472E-02
   197  1.0700E+00  2.989E-03  2.989E-03  1.458E-02  1.458E-02
   198  1.0600E+00  2.998E-03  2.998E-03  1.444E-02  1.444E-02
   199  1.0500E+00  3.008E-03  3.008E-03  1.430E-02  1.430E-02
   200  1.0400E+00  3.019E-03  3.019E-03  1.416E-02  1.416E-02
   201  1.0300E+00  3.030E-03  3.030E-03  1.402E-02  1.402E-02
   202  1.0200E+00  3.042E-03  3.042E-03  1.389E-02  1.389E-02
   203  1.0100E+00  3.055E-03  3.055E-03  1.375E-02  1.375E-02
   204  1.0000E+00  3.080E-03  3.080E-03  5.402E-03  5.402E-03
   205  9.7500E-01  3.120E-03  3.120E-03  5.264E-03  5.264E-03
   206  9.5000E-01  3.166E-03  3.166E-03  5.126E-03  5.126E-03
   207  9.2500E-01  3.219E-03  3.219E-03  4.988E-03  4.988E-03
   208  9.0000E-01  3.315E-03  3.315E-03  2.390E-03  2.390E-03
   209  8.5000E-01  3.480E-03  3.480E-03  2.253E-03  2.253E-03
   210  8.0000E-01  3.712E-03  3.712E-03  2.115E-03  2.115E-03
   211  7.5000E-01  4.049E-03  4.049E-03  1.978E-03  1.978E-03
   212  7.0000E-01  4.530E-03  4.530E-03  1.841E-03  1.841E-03
   213  6.5000E-01  5.009E-03  5.009E-03  3.478E-03  3.478E-03
   214  6.2500E-01  5.418E-03  5.418E-03  3.341E-03  3.341E-03
   215  6.0000E-01  6.186E-03  6.186E-03  1.567E-03  1.567E-03
   216  5.5000E-01  7.537E-03  7.537E-03  1.430E-03  1.430E-03
   217  5.0000E-01  9.372E-03  9.372E-03  1.293E-03  1.293E-03
   218  4.5000E-01  1.179E-02  1.179E-02  1.156E-03  1.156E-03
   219  4.0000E-01  1.399E-02  1.399E-02  2.110E-03  2.110E-03
   220  3.7500E-01  1.572E-02  1.572E-02  1.973E-03  1.973E-03
   221  3.5000E-01  1.757E-02  1.757E-02  1.836E-03  1.836E-03
   222  3.2500E-01  1.952E-02  1.952E-02  1.700E-03  1.700E-03
   223  3.0000E-01  2.151E-02  2.151E-02  1.563E-03  1.563E-03
   224  2.7500E-01  2.342E-02  2.342E-02  1.427E-03  1.427E-03
   225  2.5000E-01  2.510E-02  2.510E-02  1.290E-03  1.290E-03
   226  2.2500E-01  2.640E-02  2.640E-02  1.154E-03  1.154E-03
   227  2.0000E-01  2.703E-02  2.703E-02  1.017E-03  1.017E-03
   228  1.7500E-01  2.673E-02  2.673E-02  8.804E-04  8.804E-04
   229  1.5000E-01  2.520E-02  2.520E-02  7.440E-04  7.440E-04
   230  1.2500E-01  2.250E-02  2.250E-02  6.077E-04  6.077E-04
   231  1.0000E-01  1.982E-02  1.982E-02  1.287E-03  1.287E-03
   232  9.0000E-02  1.776E-02  1.776E-02  1.151E-03  1.151E-03
   233  8.0000E-02  1.539E-02  1.539E-02  1.015E-03  1.015E-03
   234  7.0000E-02  1.287E-02  1.287E-02  8.794E-04  8.794E-04
   235  6.0000E-02  1.027E-02  1.027E-02  7.435E-04  7.435E-04
   236  5.0000E-02  7.644E-03  7.644E-03  6.074E-04  6.074E-04
   237  4.0000E-02  5.095E-03  5.095E-03  4.711E-04  4.711E-04
   238  3.0000E-02  3.463E-03  3.463E-03  7.953E-04  7.953E-04
   239  2.5300E-02  1.433E-03  1.433E-03  1.460E-04  1.460E-04
   240  1.0000E-02  4.091E-04  4.091E-04  4.708E-04  4.708E-04
   241  7.5000E-03  2.150E-04  2.150E-04  3.339E-04  3.339E-04
   242  5.0000E-03  1.147E-04  1.147E-04  6.066E-04  6.066E-04
   243  4.0000E-03  7.002E-05  7.002E-05  4.705E-04  4.705E-04
   244  3.0000E-03  4.380E-05  4.380E-05  7.421E-04  7.421E-04
   245  2.5000E-03  2.940E-05  2.940E-05  6.063E-04  6.063E-04
   246  2.0000E-03  1.728E-05  1.728E-05  4.703E-04  4.703E-04
   247  1.5000E-03  8.900E-06  8.900E-06  6.065E-04  6.065E-04
   248  1.2000E-03  5.149E-06  5.149E-06  7.425E-04  7.425E-04
   249  1.0000E-03  2.769E-06  2.769E-06  4.708E-04  4.708E-04
   250  7.5000E-04  1.136E-06  1.136E-06  3.343E-04  3.343E-04
   251  5.0000E-04  9.675E-08  9.675E-08  8.448E-05  8.448E-05
   252  1.0000E-04  2.367E-10  2.367E-10  5.968E-05  5.968E-05


     1  2.0000E+07  0.000E+00  0.000E+00  7.470E-04  7.470E-04
     2  1.7330E+07  1.054E-07  1.054E-07  1.146E-03  1.146E-03
     3  1.5680E+07  7.096E-07  7.096E-07  1.540E-03  1.540E-03
     4  1.4550E+07  1.460E-06  1.460E-06  2.246E-03  2.246E-03
     5  1.3840E+07  2.819E-06  2.819E-06  1.476E-03  1.476E-03
     6  1.2840E+07  1.481E-05  1.481E-05  4.360E-04  4.360E-04
     7  1.0000E+07  5.885E-05  5.885E-05  5.394E-04  5.394E-04
     8  8.1870E+06  2.096E-04  2.096E-04  4.982E-04  4.982E-04
     9  6.4340E+06  5.742E-04  5.742E-04  4.220E-04  4.220E-04
    10  4.8000E+06  9.280E-04  9.280E-04  1.140E-03  1.140E-03
    11  4.3040E+06  1.182E-03  1.182E-03  3.450E-04  3.450E-04
    12  3.0000E+06  1.977E-03  1.977E-03  6.493E-04  6.493E-04
    13  2.4790E+06  2.557E-03  2.557E-03  2.391E-03  2.391E-03
    14  2.3540E+06  3.104E-03  3.104E-03  5.136E-04  5.136E-04
    15  1.8500E+06  3.628E-03  3.628E-03  5.900E-04  5.900E-04
    16  1.5000E+06  3.772E-03  3.772E-03  1.793E-03  1.793E-03
    17  1.4000E+06  3.739E-03  3.739E-03  3.875E-03  3.875E-03
    18  1.3560E+06  3.730E-03  3.730E-03  4.240E-03  4.240E-03
    19  1.3170E+06  3.697E-03  3.697E-03  2.370E-03  2.370E-03
    20  1.2500E+06  3.696E-03  3.696E-03  3.031E-03  3.031E-03
    21  1.2000E+06  3.785E-03  3.785E-03  1.422E-03  1.422E-03
    22  1.1000E+06  3.826E-03  3.826E-03  1.450E-03  1.450E-03
    23  1.0100E+06  3.786E-03  3.786E-03  1.326E-03  1.326E-03
    24  9.2000E+05  3.758E-03  3.758E-03  5.631E-03  5.631E-03
    25  9.0000E+05  3.785E-03  3.785E-03  4.394E-03  4.394E-03
    26  8.7500E+05  3.774E-03  3.774E-03  7.730E-03  7.730E-03
    27  8.6110E+05  3.780E-03  3.780E-03  2.531E-03  2.531E-03
    28  8.2000E+05  3.793E-03  3.793E-03  1.387E-03  1.387E-03
    29  7.5000E+05  3.785E-03  3.785E-03  1.245E-03  1.245E-03
    30  6.7900E+05  3.752E-03  3.752E-03  9.280E-03  9.280E-03
    31  6.7000E+05  3.656E-03  3.656E-03  1.122E-03  1.122E-03
    32  6.0000E+05  3.622E-03  3.622E-03  2.690E-03  2.690E-03
    33  5.7300E+05  3.637E-03  3.637E-03  3.023E-03  3.023E-03
    34  5.5000E+05  3.544E-03  3.544E-03  1.112E-03  1.112E-03
    35  4.9200E+05  3.538E-03  3.538E-03  2.708E-03  2.708E-03
    36  4.7000E+05  3.427E-03  3.427E-03  1.878E-03  1.878E-03
    37  4.4000E+05  3.270E-03  3.270E-03  2.663E-03  2.663E-03
    38  4.2000E+05  3.258E-03  3.258E-03  2.539E-03  2.539E-03
    39  4.0000E+05  3.139E-03  3.139E-03  6.441E-04  6.441E-04
    40  3.3000E+05  2.901E-03  2.901E-03  6.175E-04  6.175E-04
    41  2.7000E+05  2.876E-03  2.876E-03  4.130E-04  4.130E-04
    42  2.0000E+05  3.040E-03  3.040E-03  4.211E-04  4.211E-04
    43  1.4900E+05  3.055E-03  3.055E-03  8.290E-04  8.290E-04
    44  1.2830E+05  2.907E-03  2.907E-03  4.977E-04  4.977E-04
    45  1.0000E+05  2.863E-03  2.863E-03  7.633E-04  7.633E-04
    46  8.5000E+04  3.181E-03  3.181E-03  3.452E-03  3.452E-03
    47  8.2000E+04  3.159E-03  3.159E-03  1.390E-03  1.390E-03
    48  7.5000E+04  3.092E-03  3.092E-03  4.591E-03  4.591E-03
    49  7.3000E+04  3.068E-03  3.068E-03  6.328E-04  6.328E-04
    50  6.0000E+04  3.025E-03  3.025E-03  8.675E-04  8.675E-04
    51  5.2000E+04  2.852E-03  2.852E-03  3.166E-03  3.166E-03
    52  5.0000E+04  2.774E-03  2.774E-03  1.179E-03  1.179E-03
    53  4.5000E+04  2.993E-03  2.993E-03  3.064E-04  3.064E-04
    54  3.0000E+04  2.952E-03  2.952E-03  3.067E-04  3.067E-04
    55  2.0000E+04  2.949E-03  2.949E-03  7.660E-04  7.660E-04
    56  1.7000E+04  2.932E-03  2.932E-03  4.643E-04  4.643E-04
    57  1.3000E+04  2.920E-03  2.920E-03  3.975E-04  3.975E-04
    58  9.5000E+03  2.913E-03  2.913E-03  7.424E-04  7.424E-04
    59  8.0300E+03  2.904E-03  2.904E-03  3.645E-04  3.645E-04
    60  5.7000E+03  2.893E-03  2.893E-03  3.297E-04  3.297E-04
    61  3.9000E+03  2.890E-03  2.890E-03  2.992E-03  2.992E-03
    62  3.7400E+03  2.883E-03  2.883E-03  5.686E-04  5.686E-04
    63  3.0000E+03  2.875E-03  2.875E-03  6.883E-04  6.883E-04
    64  2.5000E+03  2.874E-03  2.874E-03  1.192E-03  1.192E-03
    65  2.2500E+03  2.867E-03  2.867E-03  5.592E-03  5.592E-03
    66  2.2000E+03  2.865E-03  2.865E-03  6.267E-04  6.267E-04
    67  1.8000E+03  2.861E-03  2.861E-03  8.422E-04  8.422E-04
    68  1.5500E+03  2.852E-03  2.852E-03  3.842E-03  3.842E-03
    69  1.5000E+03  2.851E-03  2.851E-03  4.748E-04  4.748E-04
    70  1.1500E+03  2.844E-03  2.844E-03  6.615E-04  6.615E-04
    71  9.5000E+02  2.833E-03  2.833E-03  3.838E-04  3.838E-04
    72  6.8300E+02  2.798E-03  2.798E-03  6.597E-03  6.597E-03
    73  6.7000E+02  2.825E-03  2.825E-03  6.438E-04  6.438E-04
    74  5.5000E+02  2.802E-03  2.802E-03  2.160E-04  2.160E-04
    75  3.0500E+02  2.771E-03  2.771E-03  1.892E-03  1.892E-03
    76  2.8500E+02  2.775E-03  2.775E-03  7.486E-04  7.486E-04
    77  2.4000E+02  2.750E-03  2.750E-03  1.482E-03  1.482E-03
    78  2.2000E+02  2.783E-03  2.783E-03  2.652E-03  2.652E-03
    79  2.0950E+02  2.765E-03  2.765E-03  1.288E-02  1.288E-02
    80  2.0740E+02  2.764E-03  2.764E-03  4.918E-03  4.918E-03
    81  2.0200E+02  2.721E-03  2.721E-03  2.822E-03  2.822E-03
    82  1.9300E+02  2.615E-03  2.615E-03  1.610E-02  1.610E-02
    83  1.9150E+02  2.785E-03  2.785E-03  8.247E-03  8.247E-03
    84  1.8850E+02  2.745E-03  2.745E-03  3.061E-02  3.061E-02
    85  1.8770E+02  2.754E-03  2.754E-03  3.108E-03  3.108E-03
    86  1.8000E+02  2.699E-03  2.699E-03  2.267E-03  2.267E-03
    87  1.7000E+02  2.749E-03  2.749E-03  7.533E-04  7.533E-04
    88  1.4300E+02  2.727E-03  2.727E-03  8.225E-04  8.225E-04
    89  1.2200E+02  2.626E-03  2.626E-03  5.125E-03  5.125E-03
    90  1.1900E+02  2.738E-03  2.738E-03  1.038E-02  1.038E-02
    91  1.1750E+02  2.720E-03  2.720E-03  1.025E-02  1.025E-02
    92  1.1600E+02  2.647E-03  2.647E-03  4.955E-03  4.955E-03
    93  1.1300E+02  2.693E-03  2.693E-03  2.893E-03  2.893E-03
    94  1.0800E+02  2.708E-03  2.708E-03  4.691E-03  4.691E-03
    95  1.0500E+02  2.705E-03  2.705E-03  3.583E-03  3.583E-03
    96  1.0120E+02  2.702E-03  2.702E-03  3.116E-03  3.116E-03
    97  9.7000E+01  2.700E-03  2.700E-03  1.761E-03  1.761E-03
    98  9.0000E+01  2.699E-03  2.699E-03  1.365E-03  1.365E-03
    99  8.1700E+01  2.699E-03  2.699E-03  6.282E-03  6.282E-03
   100  8.0000E+01  2.697E-03  2.697E-03  2.578E-03  2.578E-03
   101  7.6000E+01  2.692E-03  2.692E-03  2.451E-03  2.451E-03
   102  7.2000E+01  2.614E-03  2.614E-03  2.014E-03  2.014E-03
   103  6.7500E+01  2.674E-03  2.674E-03  3.535E-03  3.535E-03
   104  6.5000E+01  2.673E-03  2.673E-03  4.276E-03  4.276E-03
   105  6.3000E+01  2.670E-03  2.670E-03  4.144E-03  4.144E-03
   106  6.1000E+01  2.587E-03  2.587E-03  2.595E-03  2.595E-03
   107  5.8000E+01  2.649E-03  2.649E-03  1.626E-03  1.626E-03
   108  5.3400E+01  2.647E-03  2.647E-03  2.493E-03  2.493E-03
   109  5.0600E+01  2.642E-03  2.642E-03  2.885E-03  2.885E-03
   110  4.8300E+01  2.645E-03  2.645E-03  2.024E-03  2.024E-03
   111  4.5200E+01  2.643E-03  2.643E-03  4.990E-03  4.990E-03
   112  4.4000E+01  2.635E-03  2.635E-03  3.623E-03  3.623E-03
   113  4.2400E+01  2.648E-03  2.648E-03  3.996E-03  3.996E-03
   114  4.1000E+01  2.643E-03  2.643E-03  3.864E-03  3.864E-03
   115  3.9600E+01  2.642E-03  2.642E-03  1.057E-02  1.057E-02
   116  3.9100E+01  2.643E-03  2.643E-03  4.703E-03  4.703E-03
   117  3.8000E+01  2.642E-03  2.642E-03  1.372E-02  1.372E-02
   118  3.7630E+01  2.642E-03  2.642E-03  1.397E-02  1.397E-02
   119  3.7270E+01  2.643E-03  2.643E-03  3.568E-02  3.568E-02
   120  3.7130E+01  2.642E-03  2.642E-03  3.829E-02  3.829E-02
   121  3.7000E+01  2.641E-03  2.641E-03  4.904E-03  4.904E-03
   122  3.6000E+01  2.641E-03  2.641E-03  9.610E-03  9.610E-03
   123  3.5500E+01  2.641E-03  2.641E-03  9.479E-03  9.479E-03
   124  3.5000E+01  2.639E-03  2.639E-03  3.696E-03  3.696E-03
   125  3.3750E+01  2.639E-03  2.639E-03  8.995E-03  8.995E-03
   126  3.3250E+01  2.638E-03  2.638E-03  2.905E-03  2.905E-03
   127  3.1750E+01  2.636E-03  2.636E-03  8.435E-03  8.435E-03
   128  3.1250E+01  2.635E-03  2.635E-03  3.276E-03  3.276E-03
   129  3.0000E+01  2.636E-03  2.636E-03  1.542E-03  1.542E-03
   130  2.7500E+01  2.633E-03  2.633E-03  1.418E-03  1.418E-03
   131  2.5000E+01  2.511E-03  2.511E-03  1.257E-03  1.257E-03
   132  2.2500E+01  2.408E-03  2.408E-03  3.886E-03  3.886E-03
   133  2.1750E+01  2.415E-03  2.415E-03  5.191E-03  5.191E-03
   134  2.1200E+01  2.528E-03  2.528E-03  4.144E-03  4.144E-03
   135  2.0500E+01  2.530E-03  2.530E-03  5.644E-03  5.644E-03
   136  2.0000E+01  2.527E-03  2.527E-03  4.577E-03  4.577E-03
   137  1.9400E+01  2.515E-03  2.515E-03  2.939E-03  2.939E-03
   138  1.8500E+01  2.514E-03  2.514E-03  1.648E-03  1.648E-03
   139  1.7000E+01  2.508E-03  2.508E-03  2.301E-03  2.301E-03
   140  1.6000E+01  2.510E-03  2.510E-03  1.322E-03  1.322E-03
   141  1.4400E+01  2.509E-03  2.509E-03  1.266E-03  1.266E-03
   142  1.2900E+01  2.503E-03  2.503E-03  1.726E-03  1.726E-03
   143  1.1900E+01  2.507E-03  2.507E-03  4.067E-03  4.067E-03
   144  1.1500E+01  2.498E-03  2.498E-03  9.958E-04  9.958E-04
   145  1.0000E+01  2.497E-03  2.497E-03  1.472E-03  1.472E-03
   146  9.1000E+00  2.493E-03  2.493E-03  1.192E-03  1.192E-03
   147  8.1000E+00  2.492E-03  2.492E-03  1.112E-03  1.112E-03
   148  7.1500E+00  2.486E-03  2.486E-03  6.544E-03  6.544E-03
   149  7.0000E+00  2.472E-03  2.472E-03  7.716E-03  7.716E-03
   150  6.8750E+00  2.461E-03  2.461E-03  7.596E-03  7.596E-03
   151  6.7500E+00  2.474E-03  2.474E-03  3.684E-03  3.684E-03
   152  6.5000E+00  2.481E-03  2.481E-03  3.540E-03  3.540E-03
   153  6.2500E+00  2.480E-03  2.480E-03  3.402E-03  3.402E-03
   154  6.0000E+00  2.474E-03  2.474E-03  1.318E-03  1.318E-03
   155  5.4000E+00  2.428E-03  2.428E-03  1.785E-03  1.785E-03
   156  5.0000E+00  2.615E-03  2.615E-03  2.255E-03  2.255E-03
   157  4.7000E+00  2.706E-03  2.706E-03  1.021E-03  1.021E-03
   158  4.1000E+00  2.641E-03  2.641E-03  1.475E-03  1.475E-03
   159  3.7300E+00  2.444E-03  2.444E-03  2.193E-03  2.193E-03
   160  3.5000E+00  2.467E-03  2.467E-03  1.555E-03  1.555E-03
   161  3.2000E+00  2.549E-03  2.549E-03  4.391E-03  4.391E-03
   162  3.1000E+00  2.691E-03  2.691E-03  4.251E-03  4.251E-03
   163  3.0000E+00  2.797E-03  2.797E-03  1.387E-02  1.387E-02
   164  2.9700E+00  2.633E-03  2.633E-03  4.068E-03  4.068E-03
   165  2.8700E+00  2.585E-03  2.585E-03  3.926E-03  3.926E-03
   166  2.7700E+00  2.593E-03  2.593E-03  3.789E-03  3.789E-03
   167  2.6700E+00  2.599E-03  2.599E-03  3.650E-03  3.650E-03
   168  2.5700E+00  2.604E-03  2.604E-03  3.510E-03  3.510E-03
   169  2.4700E+00  2.604E-03  2.604E-03  3.752E-03  3.752E-03
   170  2.3800E+00  2.589E-03  2.589E-03  4.078E-03  4.078E-03
   171  2.3000E+00  2.589E-03  2.589E-03  3.498E-03  3.498E-03
   172  2.2100E+00  2.609E-03  2.609E-03  3.354E-03  3.354E-03
   173  2.1200E+00  2.623E-03  2.623E-03  2.392E-03  2.392E-03
   174  2.0000E+00  2.652E-03  2.652E-03  4.576E-03  4.576E-03
   175  1.9400E+00  2.650E-03  2.650E-03  3.313E-03  3.313E-03
   176  1.8600E+00  2.652E-03  2.652E-03  2.815E-03  2.815E-03
   177  1.7700E+00  2.666E-03  2.666E-03  2.667E-03  2.667E-03
   178  1.6800E+00  2.685E-03  2.685E-03  2.511E-03  2.511E-03
   179  1.5900E+00  2.713E-03  2.713E-03  2.373E-03  2.373E-03
   180  1.5000E+00  2.730E-03  2.730E-03  4.074E-03  4.074E-03
   181  1.4500E+00  2.742E-03  2.742E-03  3.931E-03  3.931E-03
   182  1.4000E+00  2.752E-03  2.752E-03  3.785E-03  3.785E-03
   183  1.3500E+00  2.766E-03  2.766E-03  3.643E-03  3.643E-03
   184  1.3000E+00  2.787E-03  2.787E-03  3.506E-03  3.506E-03
   185  1.2500E+00  2.805E-03  2.805E-03  6.806E-03  6.806E-03
   186  1.2250E+00  2.818E-03  2.818E-03  6.667E-03  6.667E-03
   187  1.2000E+00  2.832E-03  2.832E-03  6.527E-03  6.527E-03
   188  1.1750E+00  2.847E-03  2.847E-03  6.388E-03  6.388E-03
   189  1.1500E+00  2.858E-03  2.858E-03  1.573E-02  1.573E-02
   190  1.1400E+00  2.865E-03  2.865E-03  1.559E-02  1.559E-02
   191  1.1300E+00  2.871E-03  2.871E-03  1.545E-02  1.545E-02
   192  1.1200E+00  2.879E-03  2.879E-03  1.531E-02  1.531E-02
   193  1.1100E+00  2.886E-03  2.886E-03  1.517E-02  1.517E-02
   194  1.1000E+00  2.894E-03  2.894E-03  1.503E-02  1.503E-02
   195  1.0900E+00  2.902E-03  2.902E-03  1.489E-02  1.489E-02
   196  1.0800E+00  2.911E-03  2.911E-03  1.475E-02  1.475E-02
   197  1.0700E+00  2.920E-03  2.920E-03  1.461E-02  1.461E-02
   198  1.0600E+00  2.930E-03  2.930E-03  1.447E-02  1.447E-02
   199  1.0500E+00  2.940E-03  2.940E-03  1.434E-02  1.434E-02
   200  1.0400E+00  2.950E-03  2.950E-03  1.420E-02  1.420E-02
   201  1.0300E+00  2.962E-03  2.962E-03  1.406E-02  1.406E-02
   202  1.0200E+00  2.974E-03  2.974E-03  1.392E-02  1.392E-02
   203  1.0100E+00  2.986E-03  2.986E-03  1.378E-02  1.378E-02
   204  1.0000E+00  3.012E-03  3.012E-03  5.415E-03  5.415E-03
   205  9.7500E-01  3.052E-03  3.052E-03  5.277E-03  5.277E-03
   206  9.5000E-01  3.099E-03  3.099E-03  5.138E-03  5.138E-03
   207  9.2500E-01  3.152E-03  3.152E-03  5.000E-03  5.000E-03
   208  9.0000E-01  3.250E-03  3.250E-03  2.396E-03  2.396E-03
   209  8.5000E-01  3.419E-03  3.419E-03  2.258E-03  2.258E-03
   210  8.0000E-01  3.658E-03  3.658E-03  2.120E-03  2.120E-03
   211  7.5000E-01  4.006E-03  4.006E-03  1.983E-03  1.983E-03
   212  7.0000E-01  4.505E-03  4.505E-03  1.845E-03  1.845E-03
   213  6.5000E-01  5.001E-03  5.001E-03  3.486E-03  3.486E-03
   214  6.2500E-01  5.427E-03  5.427E-03  3.348E-03  3.348E-03
   215  6.0000E-01  6.228E-03  6.228E-03  1.571E-03  1.571E-03
   216  5.5000E-01  7.638E-03  7.638E-03  1.434E-03  1.434E-03
   217  5.0000E-01  9.559E-03  9.559E-03  1.296E-03  1.296E-03
   218  4.5000E-01  1.209E-02  1.209E-02  1.159E-03  1.159E-03
   219  4.0000E-01  1.440E-02  1.440E-02  2.115E-03  2.115E-03
   220  3.7500E-01  1.622E-02  1.622E-02  1.978E-03  1.978E-03
   221  3.5000E-01  1.818E-02  1.818E-02  1.841E-03  1.841E-03
   222  3.2500E-01  2.023E-02  2.023E-02  1.704E-03  1.704E-03
   223  3.0000E-01  2.233E-02  2.233E-02  1.567E-03  1.567E-03
   224  2.7500E-01  2.436E-02  2.436E-02  1.430E-03  1.430E-03
   225  2.5000E-01  2.615E-02  2.615E-02  1.293E-03  1.293E-03
   226  2.2500E-01  2.753E-02  2.753E-02  1.156E-03  1.156E-03
   227  2.0000E-01  2.823E-02  2.823E-02  1.019E-03  1.019E-03
   228  1.7500E-01  2.795E-02  2.795E-02  8.826E-04  8.826E-04
   229  1.5000E-01  2.638E-02  2.638E-02  7.459E-04  7.459E-04
   230  1.2500E-01  2.357E-02  2.357E-02  6.092E-04  6.092E-04
   231  1.0000E-01  2.078E-02  2.078E-02  1.290E-03  1.290E-03
   232  9.0000E-02  1.864E-02  1.864E-02  1.154E-03  1.154E-03
   233  8.0000E-02  1.615E-02  1.615E-02  1.018E-03  1.018E-03
   234  7.0000E-02  1.352E-02  1.352E-02  8.816E-04  8.816E-04
   235  6.0000E-02  1.079E-02  1.079E-02  7.453E-04  7.453E-04
   236  5.0000E-02  8.039E-03  8.039E-03  6.089E-04  6.089E-04
   237  4.0000E-02  5.362E-03  5.362E-03  4.723E-04  4.723E-04
   238  3.0000E-02  3.646E-03  3.646E-03  7.973E-04  7.973E-04
   239  2.5300E-02  1.510E-03  1.510E-03  1.463E-04  1.463E-04
   240  1.0000E-02  4.316E-04  4.316E-04  4.719E-04  4.719E-04
   241  7.5000E-03  2.268E-04  2.268E-04  3.347E-04  3.347E-04
   242  5.0000E-03  1.210E-04  1.210E-04  6.081E-04  6.081E-04
   243  4.0000E-03  7.385E-05  7.385E-05  4.716E-04  4.716E-04
   244  3.0000E-03  4.618E-05  4.618E-05  7.440E-04  7.440E-04
   245  2.5000E-03  3.099E-05  3.099E-05  6.077E-04  6.077E-04
   246  2.0000E-03  1.822E-05  1.822E-05  4.714E-04  4.714E-04
   247  1.5000E-03  9.399E-06  9.399E-06  6.080E-04  6.080E-04
   248  1.2000E-03  5.442E-06  5.442E-06  7.443E-04  7.443E-04
   249  1.0000E-03  2.929E-06  2.929E-06  4.720E-04  4.720E-04
   250  7.5000E-04  1.203E-06  1.203E-06  3.351E-04  3.351E-04
   251  5.0000E-04  1.031E-07  1.031E-07  8.469E-05  8.469E-05
   252  1.0000E-04  2.608E-10  2.608E-10  5.984E-05  5.984E-05

