
     1  2.0000E+07  0.000E+00  0.000E+00  6.555E-04  6.555E-04
     2  1.7330E+07  0.000E+00  0.000E+00  9.622E-04  9.622E-04
     3  1.5680E+07  0.000E+00  0.000E+00  1.305E-03  1.305E-03
     4  1.4550E+07  5.271E-10  5.271E-10  1.930E-03  1.930E-03
     5  1.3840E+07  2.781E-06  2.781E-06  1.266E-03  1.266E-03
     6  1.2840E+07  2.357E-05  2.357E-05  3.734E-04  3.734E-04
     7  1.0000E+07  9.376E-05  9.376E-05  4.612E-04  4.612E-04
     8  8.1870E+06  3.384E-04  3.384E-04  4.322E-04  4.322E-04
     9  6.4340E+06  9.343E-04  9.343E-04  3.646E-04  3.646E-04
    10  4.8000E+06  1.511E-03  1.511E-03  9.841E-04  9.841E-04
    11  4.3040E+06  1.922E-03  1.922E-03  2.974E-04  2.974E-04
    12  3.0000E+06  3.312E-03  3.312E-03  5.606E-04  5.606E-04
    13  2.4790E+06  4.310E-03  4.310E-03  2.063E-03  2.063E-03
    14  2.3540E+06  5.255E-03  5.255E-03  4.420E-04  4.420E-04
    15  1.8500E+06  6.136E-03  6.136E-03  5.057E-04  5.057E-04
    16  1.5000E+06  6.371E-03  6.371E-03  1.534E-03  1.534E-03
    17  1.4000E+06  6.315E-03  6.315E-03  3.311E-03  3.311E-03
    18  1.3560E+06  6.315E-03  6.315E-03  3.622E-03  3.622E-03
    19  1.3170E+06  6.274E-03  6.274E-03  2.024E-03  2.024E-03
    20  1.2500E+06  6.275E-03  6.275E-03  2.589E-03  2.589E-03
    21  1.2000E+06  6.403E-03  6.403E-03  1.214E-03  1.214E-03
    22  1.1000E+06  6.467E-03  6.467E-03  1.238E-03  1.238E-03
    23  1.0100E+06  6.407E-03  6.407E-03  1.132E-03  1.132E-03
    24  9.2000E+05  6.367E-03  6.367E-03  4.808E-03  4.808E-03
    25  9.0000E+05  6.399E-03  6.399E-03  3.752E-03  3.752E-03
    26  8.7500E+05  6.380E-03  6.380E-03  6.600E-03  6.600E-03
    27  8.6110E+05  6.386E-03  6.386E-03  2.161E-03  2.161E-03
    28  8.2000E+05  6.399E-03  6.399E-03  1.185E-03  1.185E-03
    29  7.5000E+05  6.371E-03  6.371E-03  1.063E-03  1.063E-03
    30  6.7900E+05  6.324E-03  6.324E-03  7.923E-03  7.923E-03
    31  6.7000E+05  6.222E-03  6.222E-03  9.580E-04  9.580E-04
    32  6.0000E+05  6.144E-03  6.144E-03  2.296E-03  2.296E-03
    33  5.7300E+05  6.156E-03  6.156E-03  2.581E-03  2.581E-03
    34  5.5000E+05  6.014E-03  6.014E-03  9.489E-04  9.489E-04
    35  4.9200E+05  5.994E-03  5.994E-03  2.312E-03  2.312E-03
    36  4.7000E+05  5.824E-03  5.824E-03  1.603E-03  1.603E-03
    37  4.4000E+05  5.557E-03  5.557E-03  2.273E-03  2.273E-03
    38  4.2000E+05  5.546E-03  5.546E-03  2.168E-03  2.168E-03
    39  4.0000E+05  5.347E-03  5.347E-03  5.498E-04  5.498E-04
    40  3.3000E+05  4.925E-03  4.925E-03  5.271E-04  5.271E-04
    41  2.7000E+05  4.895E-03  4.895E-03  3.525E-04  3.525E-04
    42  2.0000E+05  5.120E-03  5.120E-03  3.595E-04  3.595E-04
    43  1.4900E+05  5.162E-03  5.162E-03  7.076E-04  7.076E-04
    44  1.2830E+05  4.897E-03  4.897E-03  4.248E-04  4.248E-04
    45  1.0000E+05  4.875E-03  4.875E-03  6.515E-04  6.515E-04
    46  8.5000E+04  5.378E-03  5.378E-03  2.947E-03  2.947E-03
    47  8.2000E+04  5.309E-03  5.309E-03  1.187E-03  1.187E-03
    48  7.5000E+04  5.197E-03  5.197E-03  3.919E-03  3.919E-03
    49  7.3000E+04  5.176E-03  5.176E-03  5.402E-04  5.402E-04
    50  6.0000E+04  5.122E-03  5.122E-03  7.405E-04  7.405E-04
    51  5.2000E+04  4.817E-03  4.817E-03  2.702E-03  2.702E-03
    52  5.0000E+04  4.628E-03  4.628E-03  1.006E-03  1.006E-03
    53  4.5000E+04  5.067E-03  5.067E-03  2.616E-04  2.616E-04
    54  3.0000E+04  5.008E-03  5.008E-03  2.619E-04  2.619E-04
    55  2.0000E+04  5.024E-03  5.024E-03  6.546E-04  6.546E-04
    56  1.7000E+04  4.963E-03  4.963E-03  3.969E-04  3.969E-04
    57  1.3000E+04  4.940E-03  4.940E-03  3.399E-04  3.399E-04
    58  9.5000E+03  4.921E-03  4.921E-03  6.350E-04  6.350E-04
    59  8.0300E+03  4.905E-03  4.905E-03  3.119E-04  3.119E-04
    60  5.7000E+03  4.877E-03  4.877E-03  2.823E-04  2.823E-04
    61  3.9000E+03  4.872E-03  4.872E-03  2.562E-03  2.562E-03
    62  3.7400E+03  4.849E-03  4.849E-03  4.871E-04  4.871E-04
    63  3.0000E+03  4.836E-03  4.836E-03  5.902E-04  5.902E-04
    64  2.5000E+03  4.810E-03  4.810E-03  1.022E-03  1.022E-03
    65  2.2500E+03  4.830E-03  4.830E-03  4.799E-03  4.799E-03
    66  2.2000E+03  4.806E-03  4.806E-03  5.378E-04  5.378E-04
    67  1.8000E+03  4.787E-03  4.787E-03  7.228E-04  7.228E-04
    68  1.5500E+03  4.780E-03  4.780E-03  3.302E-03  3.302E-03
    69  1.5000E+03  4.763E-03  4.763E-03  4.080E-04  4.080E-04
    70  1.1500E+03  4.726E-03  4.726E-03  5.691E-04  5.691E-04
    71  9.5000E+02  4.701E-03  4.701E-03  3.308E-04  3.308E-04
    72  6.8300E+02  4.681E-03  4.681E-03  5.724E-03  5.724E-03
    73  6.7000E+02  4.653E-03  4.653E-03  5.561E-04  5.561E-04
    74  5.5000E+02  4.599E-03  4.599E-03  1.872E-04  1.872E-04
    75  3.0500E+02  4.533E-03  4.533E-03  1.636E-03  1.636E-03
    76  2.8500E+02  4.519E-03  4.519E-03  6.502E-04  6.502E-04
    77  2.4000E+02  4.465E-03  4.465E-03  1.285E-03  1.285E-03
    78  2.2000E+02  4.474E-03  4.474E-03  2.308E-03  2.308E-03
    79  2.0950E+02  3.718E-03  3.718E-03  1.042E-02  1.042E-02
    80  2.0740E+02  4.660E-03  4.660E-03  4.292E-03  4.292E-03
    81  2.0200E+02  4.443E-03  4.443E-03  2.487E-03  2.487E-03
    82  1.9300E+02  4.317E-03  4.317E-03  1.447E-02  1.447E-02
    83  1.9150E+02  3.574E-03  3.574E-03  6.910E-03  6.910E-03
    84  1.8850E+02  5.510E-03  5.510E-03  2.638E-02  2.638E-02
    85  1.8770E+02  4.634E-03  4.634E-03  2.714E-03  2.714E-03
    86  1.8000E+02  4.427E-03  4.427E-03  1.993E-03  1.993E-03
    87  1.7000E+02  4.392E-03  4.392E-03  6.565E-04  6.565E-04
    88  1.4300E+02  4.389E-03  4.389E-03  7.206E-04  7.206E-04
    89  1.2200E+02  4.368E-03  4.368E-03  4.618E-03  4.618E-03
    90  1.1900E+02  4.259E-03  4.259E-03  8.976E-03  8.976E-03
    91  1.1750E+02  3.561E-03  3.561E-03  7.942E-03  7.942E-03
    92  1.1600E+02  4.497E-03  4.497E-03  4.414E-03  4.414E-03
    93  1.1300E+02  4.335E-03  4.335E-03  2.555E-03  2.555E-03
    94  1.0800E+02  4.307E-03  4.307E-03  4.109E-03  4.109E-03
    95  1.0500E+02  3.943E-03  3.943E-03  3.000E-03  3.000E-03
    96  1.0120E+02  4.410E-03  4.410E-03  2.757E-03  2.757E-03
    97  9.7000E+01  4.263E-03  4.263E-03  1.561E-03  1.561E-03
    98  9.0000E+01  4.241E-03  4.241E-03  1.210E-03  1.210E-03
    99  8.1700E+01  3.997E-03  3.997E-03  5.305E-03  5.305E-03
   100  8.0000E+01  4.219E-03  4.219E-03  2.305E-03  2.305E-03
   101  7.6000E+01  4.205E-03  4.205E-03  2.194E-03  2.194E-03
   102  7.2000E+01  4.196E-03  4.196E-03  1.840E-03  1.840E-03
   103  6.7500E+01  3.744E-03  3.744E-03  2.888E-03  2.888E-03
   104  6.5000E+01  4.185E-03  4.185E-03  3.835E-03  3.835E-03
   105  6.3000E+01  4.127E-03  4.127E-03  3.731E-03  3.731E-03
   106  6.1000E+01  4.107E-03  4.107E-03  2.389E-03  2.389E-03
   107  5.8000E+01  4.076E-03  4.076E-03  1.461E-03  1.461E-03
   108  5.3400E+01  4.059E-03  4.059E-03  2.238E-03  2.238E-03
   109  5.0600E+01  4.047E-03  4.047E-03  2.564E-03  2.564E-03
   110  4.8300E+01  4.056E-03  4.056E-03  1.811E-03  1.811E-03
   111  4.5200E+01  4.050E-03  4.050E-03  4.491E-03  4.491E-03
   112  4.4000E+01  4.047E-03  4.047E-03  3.266E-03  3.266E-03
   113  4.2400E+01  4.027E-03  4.027E-03  3.616E-03  3.616E-03
   114  4.1000E+01  4.027E-03  4.027E-03  3.508E-03  3.508E-03
   115  3.9600E+01  3.964E-03  3.964E-03  9.592E-03  9.592E-03
   116  3.9100E+01  3.982E-03  3.982E-03  4.265E-03  4.265E-03
   117  3.8000E+01  3.901E-03  3.901E-03  1.232E-02  1.232E-02
   118  3.7630E+01  3.735E-03  3.735E-03  1.223E-02  1.223E-02
   119  3.7270E+01  3.377E-03  3.377E-03  2.955E-02  2.955E-02
   120  3.7130E+01  2.985E-03  2.985E-03  2.973E-02  2.973E-02
   121  3.7000E+01  3.097E-03  3.097E-03  3.682E-03  3.682E-03
   122  3.6000E+01  4.159E-03  4.159E-03  8.757E-03  8.757E-03
   123  3.5500E+01  3.778E-03  3.778E-03  8.860E-03  8.860E-03
   124  3.5000E+01  3.820E-03  3.820E-03  3.458E-03  3.458E-03
   125  3.3750E+01  3.811E-03  3.811E-03  8.420E-03  8.420E-03
   126  3.3250E+01  3.831E-03  3.831E-03  2.739E-03  2.739E-03
   127  3.1750E+01  3.834E-03  3.834E-03  7.978E-03  7.978E-03
   128  3.1250E+01  3.812E-03  3.812E-03  3.104E-03  3.104E-03
   129  3.0000E+01  3.790E-03  3.790E-03  1.444E-03  1.444E-03
   130  2.7500E+01  3.768E-03  3.768E-03  1.329E-03  1.329E-03
   131  2.5000E+01  3.750E-03  3.750E-03  1.217E-03  1.217E-03
   132  2.2500E+01  3.728E-03  3.728E-03  3.802E-03  3.802E-03
   133  2.1750E+01  3.527E-03  3.527E-03  4.861E-03  4.861E-03
   134  2.1200E+01  2.657E-03  2.657E-03  2.993E-03  2.993E-03
   135  2.0500E+01  3.548E-03  3.548E-03  5.273E-03  5.273E-03
   136  2.0000E+01  3.512E-03  3.512E-03  4.421E-03  4.421E-03
   137  1.9400E+01  3.472E-03  3.472E-03  2.853E-03  2.853E-03
   138  1.8500E+01  3.494E-03  3.494E-03  1.608E-03  1.608E-03
   139  1.7000E+01  3.451E-03  3.451E-03  2.241E-03  2.241E-03
   140  1.6000E+01  3.428E-03  3.428E-03  1.291E-03  1.291E-03
   141  1.4400E+01  3.439E-03  3.439E-03  1.241E-03  1.241E-03
   142  1.2900E+01  3.380E-03  3.380E-03  1.684E-03  1.684E-03
   143  1.1900E+01  3.355E-03  3.355E-03  3.946E-03  3.946E-03
   144  1.1500E+01  3.394E-03  3.394E-03  9.806E-04  9.806E-04
   145  1.0000E+01  3.368E-03  3.368E-03  1.451E-03  1.451E-03
   146  9.1000E+00  3.296E-03  3.296E-03  1.171E-03  1.171E-03
   147  8.1000E+00  3.308E-03  3.308E-03  1.125E-03  1.125E-03
   148  7.1500E+00  3.170E-03  3.170E-03  6.605E-03  6.605E-03
   149  7.0000E+00  2.995E-03  2.995E-03  7.438E-03  7.438E-03
   150  6.8750E+00  2.401E-03  2.401E-03  6.112E-03  6.112E-03
   151  6.7500E+00  2.209E-03  2.209E-03  2.935E-03  2.935E-03
   152  6.5000E+00  2.766E-03  2.766E-03  3.674E-03  3.674E-03
   153  6.2500E+00  2.929E-03  2.929E-03  3.803E-03  3.803E-03
   154  6.0000E+00  2.906E-03  2.906E-03  1.496E-03  1.496E-03
   155  5.4000E+00  2.843E-03  2.843E-03  2.060E-03  2.060E-03
   156  5.0000E+00  2.969E-03  2.969E-03  2.557E-03  2.557E-03
   157  4.7000E+00  3.135E-03  3.135E-03  1.166E-03  1.166E-03
   158  4.1000E+00  3.055E-03  3.055E-03  1.687E-03  1.687E-03
   159  3.7300E+00  2.811E-03  2.811E-03  2.506E-03  2.506E-03
   160  3.5000E+00  2.849E-03  2.849E-03  1.784E-03  1.784E-03
   161  3.2000E+00  2.923E-03  2.923E-03  5.037E-03  5.037E-03
   162  3.1000E+00  3.074E-03  3.074E-03  4.880E-03  4.880E-03
   163  3.0000E+00  3.195E-03  3.195E-03  1.592E-02  1.592E-02
   164  2.9700E+00  3.021E-03  3.021E-03  4.673E-03  4.673E-03
   165  2.8700E+00  2.972E-03  2.972E-03  4.513E-03  4.513E-03
   166  2.7700E+00  2.979E-03  2.979E-03  4.353E-03  4.353E-03
   167  2.6700E+00  2.985E-03  2.985E-03  4.194E-03  4.194E-03
   168  2.5700E+00  2.992E-03  2.992E-03  4.035E-03  4.035E-03
   169  2.4700E+00  2.999E-03  2.999E-03  4.316E-03  4.316E-03
   170  2.3800E+00  3.005E-03  3.005E-03  4.686E-03  4.686E-03
   171  2.3000E+00  3.012E-03  3.012E-03  4.015E-03  4.015E-03
   172  2.2100E+00  3.019E-03  3.019E-03  3.854E-03  3.854E-03
   173  2.1200E+00  3.027E-03  3.027E-03  2.746E-03  2.746E-03
   174  2.0000E+00  3.074E-03  3.074E-03  5.261E-03  5.261E-03
   175  1.9400E+00  3.090E-03  3.090E-03  3.811E-03  3.811E-03
   176  1.8600E+00  3.115E-03  3.115E-03  3.238E-03  3.238E-03
   177  1.7700E+00  3.143E-03  3.143E-03  3.078E-03  3.078E-03
   178  1.6800E+00  3.168E-03  3.168E-03  2.918E-03  2.918E-03
   179  1.5900E+00  3.191E-03  3.191E-03  2.758E-03  2.758E-03
   180  1.5000E+00  3.207E-03  3.207E-03  4.742E-03  4.742E-03
   181  1.4500E+00  3.219E-03  3.219E-03  4.582E-03  4.582E-03
   182  1.4000E+00  3.230E-03  3.230E-03  4.421E-03  4.421E-03
   183  1.3500E+00  3.242E-03  3.242E-03  4.261E-03  4.261E-03
   184  1.3000E+00  3.254E-03  3.254E-03  4.100E-03  4.100E-03
   185  1.2500E+00  3.262E-03  3.262E-03  7.961E-03  7.961E-03
   186  1.2250E+00  3.265E-03  3.265E-03  7.801E-03  7.801E-03
   187  1.2000E+00  3.268E-03  3.268E-03  7.642E-03  7.642E-03
   188  1.1750E+00  3.272E-03  3.272E-03  7.484E-03  7.484E-03
   189  1.1500E+00  3.277E-03  3.277E-03  1.843E-02  1.843E-02
   190  1.1400E+00  3.280E-03  3.280E-03  1.827E-02  1.827E-02
   191  1.1300E+00  3.284E-03  3.284E-03  1.812E-02  1.812E-02
   192  1.1200E+00  3.289E-03  3.289E-03  1.796E-02  1.796E-02
   193  1.1100E+00  3.295E-03  3.295E-03  1.780E-02  1.780E-02
   194  1.1000E+00  3.301E-03  3.301E-03  1.764E-02  1.764E-02
   195  1.0900E+00  3.308E-03  3.308E-03  1.748E-02  1.748E-02
   196  1.0800E+00  3.315E-03  3.315E-03  1.732E-02  1.732E-02
   197  1.0700E+00  3.322E-03  3.322E-03  1.716E-02  1.716E-02
   198  1.0600E+00  3.330E-03  3.330E-03  1.700E-02  1.700E-02
   199  1.0500E+00  3.338E-03  3.338E-03  1.684E-02  1.684E-02
   200  1.0400E+00  3.346E-03  3.346E-03  1.668E-02  1.668E-02
   201  1.0300E+00  3.355E-03  3.355E-03  1.652E-02  1.652E-02
   202  1.0200E+00  3.364E-03  3.364E-03  1.636E-02  1.636E-02
   203  1.0100E+00  3.373E-03  3.373E-03  1.620E-02  1.620E-02
   204  1.0000E+00  3.390E-03  3.390E-03  6.366E-03  6.366E-03
   205  9.7500E-01  3.416E-03  3.416E-03  6.205E-03  6.205E-03
   206  9.5000E-01  3.443E-03  3.443E-03  6.044E-03  6.044E-03
   207  9.2500E-01  3.472E-03  3.472E-03  5.883E-03  5.883E-03
   208  9.0000E-01  3.521E-03  3.521E-03  2.820E-03  2.820E-03
   209  8.5000E-01  3.595E-03  3.595E-03  2.659E-03  2.659E-03
   210  8.0000E-01  3.692E-03  3.692E-03  2.498E-03  2.498E-03
   211  7.5000E-01  3.824E-03  3.824E-03  2.337E-03  2.337E-03
   212  7.0000E-01  3.996E-03  3.996E-03  2.176E-03  2.176E-03
   213  6.5000E-01  4.155E-03  4.155E-03  4.111E-03  4.111E-03
   214  6.2500E-01  4.288E-03  4.288E-03  3.950E-03  3.950E-03
   215  6.0000E-01  4.526E-03  4.526E-03  1.854E-03  1.854E-03
   216  5.5000E-01  4.928E-03  4.928E-03  1.692E-03  1.692E-03
   217  5.0000E-01  5.455E-03  5.455E-03  1.531E-03  1.531E-03
   218  4.5000E-01  6.120E-03  6.120E-03  1.370E-03  1.370E-03
   219  4.0000E-01  6.706E-03  6.706E-03  2.500E-03  2.500E-03
   220  3.7500E-01  7.154E-03  7.154E-03  2.339E-03  2.339E-03
   221  3.5000E-01  7.626E-03  7.626E-03  2.177E-03  2.177E-03
   222  3.2500E-01  8.108E-03  8.108E-03  2.016E-03  2.016E-03
   223  3.0000E-01  8.601E-03  8.601E-03  1.854E-03  1.854E-03
   224  2.7500E-01  9.076E-03  9.076E-03  1.692E-03  1.692E-03
   225  2.5000E-01  9.473E-03  9.473E-03  1.531E-03  1.531E-03
   226  2.2500E-01  9.740E-03  9.740E-03  1.370E-03  1.370E-03
   227  2.0000E-01  9.783E-03  9.783E-03  1.209E-03  1.209E-03
   228  1.7500E-01  9.500E-03  9.500E-03  1.048E-03  1.048E-03
   229  1.5000E-01  8.786E-03  8.786E-03  8.867E-04  8.867E-04
   230  1.2500E-01  7.693E-03  7.693E-03  7.253E-04  7.253E-04
   231  1.0000E-01  6.674E-03  6.674E-03  1.537E-03  1.537E-03
   232  9.0000E-02  5.917E-03  5.917E-03  1.376E-03  1.376E-03
   233  8.0000E-02  5.065E-03  5.065E-03  1.214E-03  1.214E-03
   234  7.0000E-02  4.178E-03  4.178E-03  1.053E-03  1.053E-03
   235  6.0000E-02  3.279E-03  3.279E-03  8.907E-04  8.907E-04
   236  5.0000E-02  2.395E-03  2.395E-03  7.283E-04  7.283E-04
   237  4.0000E-02  1.557E-03  1.557E-03  5.652E-04  5.652E-04
   238  3.0000E-02  1.036E-03  1.036E-03  9.547E-04  9.547E-04
   239  2.5300E-02  4.117E-04  4.117E-04  1.752E-04  1.752E-04
   240  1.0000E-02  1.119E-04  1.119E-04  5.650E-04  5.650E-04
   241  7.5000E-03  5.802E-05  5.802E-05  4.007E-04  4.007E-04
   242  5.0000E-03  3.054E-05  3.054E-05  7.279E-04  7.279E-04
   243  4.0000E-03  1.865E-05  1.865E-05  5.644E-04  5.644E-04
   244  3.0000E-03  1.176E-05  1.176E-05  8.902E-04  8.902E-04
   245  2.5000E-03  7.993E-06  7.993E-06  7.271E-04  7.271E-04
   246  2.0000E-03  4.622E-06  4.622E-06  5.640E-04  5.640E-04
   247  1.5000E-03  2.278E-06  2.278E-06  7.275E-04  7.275E-04
   248  1.2000E-03  1.320E-06  1.320E-06  8.904E-04  8.904E-04
   249  1.0000E-03  6.936E-07  6.936E-07  5.643E-04  5.643E-04
   250  7.5000E-04  2.878E-07  2.878E-07  4.004E-04  4.004E-04
   251  5.0000E-04  2.448E-08  2.448E-08  1.010E-04  1.010E-04
   252  1.0000E-04  5.312E-11  5.312E-11  7.121E-05  7.121E-05


     1  2.0000E+07  0.000E+00  0.000E+00  6.567E-04  6.567E-04
     2  1.7330E+07  0.000E+00  0.000E+00  9.653E-04  9.653E-04
     3  1.5680E+07  8.487E-12  8.487E-12  1.321E-03  1.321E-03
     4  1.4550E+07  1.409E-09  1.409E-09  1.931E-03  1.931E-03
     5  1.3840E+07  2.788E-06  2.788E-06  1.267E-03  1.267E-03
     6  1.2840E+07  2.360E-05  2.360E-05  3.735E-04  3.735E-04
     7  1.0000E+07  9.388E-05  9.388E-05  4.613E-04  4.613E-04
     8  8.1870E+06  3.388E-04  3.388E-04  4.323E-04  4.323E-04
     9  6.4340E+06  9.354E-04  9.354E-04  3.646E-04  3.646E-04
    10  4.8000E+06  1.513E-03  1.513E-03  9.841E-04  9.841E-04
    11  4.3040E+06  1.924E-03  1.924E-03  2.974E-04  2.974E-04
    12  3.0000E+06  3.315E-03  3.315E-03  5.606E-04  5.606E-04
    13  2.4790E+06  4.314E-03  4.314E-03  2.063E-03  2.063E-03
    14  2.3540E+06  5.261E-03  5.261E-03  4.419E-04  4.419E-04
    15  1.8500E+06  6.142E-03  6.142E-03  5.057E-04  5.057E-04
    16  1.5000E+06  6.377E-03  6.377E-03  1.534E-03  1.534E-03
    17  1.4000E+06  6.322E-03  6.322E-03  3.311E-03  3.311E-03
    18  1.3560E+06  6.322E-03  6.322E-03  3.622E-03  3.622E-03
    19  1.3170E+06  6.280E-03  6.280E-03  2.024E-03  2.024E-03
    20  1.2500E+06  6.281E-03  6.281E-03  2.588E-03  2.588E-03
    21  1.2000E+06  6.409E-03  6.409E-03  1.214E-03  1.214E-03
    22  1.1000E+06  6.473E-03  6.473E-03  1.238E-03  1.238E-03
    23  1.0100E+06  6.414E-03  6.414E-03  1.132E-03  1.132E-03
    24  9.2000E+05  6.373E-03  6.373E-03  4.807E-03  4.807E-03
    25  9.0000E+05  6.405E-03  6.405E-03  3.751E-03  3.751E-03
    26  8.7500E+05  6.386E-03  6.386E-03  6.599E-03  6.599E-03
    27  8.6110E+05  6.392E-03  6.392E-03  2.161E-03  2.161E-03
    28  8.2000E+05  6.406E-03  6.406E-03  1.184E-03  1.184E-03
    29  7.5000E+05  6.377E-03  6.377E-03  1.063E-03  1.063E-03
    30  6.7900E+05  6.330E-03  6.330E-03  7.921E-03  7.921E-03
    31  6.7000E+05  6.228E-03  6.228E-03  9.579E-04  9.579E-04
    32  6.0000E+05  6.150E-03  6.150E-03  2.296E-03  2.296E-03
    33  5.7300E+05  6.162E-03  6.162E-03  2.580E-03  2.580E-03
    34  5.5000E+05  6.020E-03  6.020E-03  9.487E-04  9.487E-04
    35  4.9200E+05  6.000E-03  6.000E-03  2.311E-03  2.311E-03
    36  4.7000E+05  5.830E-03  5.830E-03  1.603E-03  1.603E-03
    37  4.4000E+05  5.562E-03  5.562E-03  2.273E-03  2.273E-03
    38  4.2000E+05  5.552E-03  5.552E-03  2.167E-03  2.167E-03
    39  4.0000E+05  5.352E-03  5.352E-03  5.497E-04  5.497E-04
    40  3.3000E+05  4.929E-03  4.929E-03  5.270E-04  5.270E-04
    41  2.7000E+05  4.900E-03  4.900E-03  3.525E-04  3.525E-04
    42  2.0000E+05  5.125E-03  5.125E-03  3.594E-04  3.594E-04
    43  1.4900E+05  5.167E-03  5.167E-03  7.075E-04  7.075E-04
    44  1.2830E+05  4.901E-03  4.901E-03  4.247E-04  4.247E-04
    45  1.0000E+05  4.880E-03  4.880E-03  6.514E-04  6.514E-04
    46  8.5000E+04  5.383E-03  5.383E-03  2.946E-03  2.946E-03
    47  8.2000E+04  5.315E-03  5.315E-03  1.187E-03  1.187E-03
    48  7.5000E+04  5.203E-03  5.203E-03  3.918E-03  3.918E-03
    49  7.3000E+04  5.181E-03  5.181E-03  5.401E-04  5.401E-04
    50  6.0000E+04  5.127E-03  5.127E-03  7.404E-04  7.404E-04
    51  5.2000E+04  4.822E-03  4.822E-03  2.702E-03  2.702E-03
    52  5.0000E+04  4.632E-03  4.632E-03  1.006E-03  1.006E-03
    53  4.5000E+04  5.072E-03  5.072E-03  2.615E-04  2.615E-04
    54  3.0000E+04  5.013E-03  5.013E-03  2.619E-04  2.619E-04
    55  2.0000E+04  4.992E-03  4.992E-03  6.544E-04  6.544E-04
    56  1.7000E+04  4.968E-03  4.968E-03  3.968E-04  3.968E-04
    57  1.3000E+04  4.945E-03  4.945E-03  3.398E-04  3.398E-04
    58  9.5000E+03  4.926E-03  4.926E-03  6.349E-04  6.349E-04
    59  8.0300E+03  4.910E-03  4.910E-03  3.118E-04  3.118E-04
    60  5.7000E+03  4.881E-03  4.881E-03  2.822E-04  2.822E-04
    61  3.9000E+03  4.876E-03  4.876E-03  2.562E-03  2.562E-03
    62  3.7400E+03  4.854E-03  4.854E-03  4.870E-04  4.870E-04
    63  3.0000E+03  4.841E-03  4.841E-03  5.900E-04  5.900E-04
    64  2.5000E+03  4.815E-03  4.815E-03  1.022E-03  1.022E-03
    65  2.2500E+03  4.835E-03  4.835E-03  4.798E-03  4.798E-03
    66  2.2000E+03  4.811E-03  4.811E-03  5.377E-04  5.377E-04
    67  1.8000E+03  4.792E-03  4.792E-03  7.226E-04  7.226E-04
    68  1.5500E+03  4.784E-03  4.784E-03  3.301E-03  3.301E-03
    69  1.5000E+03  4.767E-03  4.767E-03  4.079E-04  4.079E-04
    70  1.1500E+03  4.731E-03  4.731E-03  5.689E-04  5.689E-04
    71  9.5000E+02  4.704E-03  4.704E-03  3.307E-04  3.307E-04
    72  6.8300E+02  4.686E-03  4.686E-03  5.722E-03  5.722E-03
    73  6.7000E+02  4.657E-03  4.657E-03  5.560E-04  5.560E-04
    74  5.5000E+02  4.600E-03  4.600E-03  1.871E-04  1.871E-04
    75  3.0500E+02  4.537E-03  4.537E-03  1.636E-03  1.636E-03
    76  2.8500E+02  4.523E-03  4.523E-03  6.500E-04  6.500E-04
    77  2.4000E+02  4.469E-03  4.469E-03  1.284E-03  1.284E-03
    78  2.2000E+02  4.478E-03  4.478E-03  2.307E-03  2.307E-03
    79  2.0950E+02  3.723E-03  3.723E-03  1.042E-02  1.042E-02
    80  2.0740E+02  4.665E-03  4.665E-03  4.291E-03  4.291E-03
    81  2.0200E+02  4.446E-03  4.446E-03  2.487E-03  2.487E-03
    82  1.9300E+02  4.321E-03  4.321E-03  1.447E-02  1.447E-02
    83  1.9150E+02  3.573E-03  3.573E-03  6.908E-03  6.908E-03
    84  1.8850E+02  5.520E-03  5.520E-03  2.638E-02  2.638E-02
    85  1.8770E+02  4.638E-03  4.638E-03  2.714E-03  2.714E-03
    86  1.8000E+02  4.431E-03  4.431E-03  1.993E-03  1.993E-03
    87  1.7000E+02  4.396E-03  4.396E-03  6.563E-04  6.563E-04
    88  1.4300E+02  4.393E-03  4.393E-03  7.204E-04  7.204E-04
    89  1.2200E+02  4.372E-03  4.372E-03  4.617E-03  4.617E-03
    90  1.1900E+02  4.263E-03  4.263E-03  8.974E-03  8.974E-03
    91  1.1750E+02  3.566E-03  3.566E-03  7.943E-03  7.943E-03
    92  1.1600E+02  4.502E-03  4.502E-03  4.413E-03  4.413E-03
    93  1.1300E+02  4.339E-03  4.339E-03  2.555E-03  2.555E-03
    94  1.0800E+02  4.310E-03  4.310E-03  4.108E-03  4.108E-03
    95  1.0500E+02  3.940E-03  3.940E-03  2.998E-03  2.998E-03
    96  1.0120E+02  4.416E-03  4.416E-03  2.757E-03  2.757E-03
    97  9.7000E+01  4.266E-03  4.266E-03  1.561E-03  1.561E-03
    98  9.0000E+01  4.244E-03  4.244E-03  1.210E-03  1.210E-03
    99  8.1700E+01  4.000E-03  4.000E-03  5.304E-03  5.304E-03
   100  8.0000E+01  4.223E-03  4.223E-03  2.305E-03  2.305E-03
   101  7.6000E+01  4.209E-03  4.209E-03  2.194E-03  2.194E-03
   102  7.2000E+01  4.199E-03  4.199E-03  1.839E-03  1.839E-03
   103  6.7500E+01  3.741E-03  3.741E-03  2.885E-03  2.885E-03
   104  6.5000E+01  4.189E-03  4.189E-03  3.835E-03  3.835E-03
   105  6.3000E+01  4.130E-03  4.130E-03  3.730E-03  3.730E-03
   106  6.1000E+01  4.110E-03  4.110E-03  2.389E-03  2.389E-03
   107  5.8000E+01  4.079E-03  4.079E-03  1.461E-03  1.461E-03
   108  5.3400E+01  4.062E-03  4.062E-03  2.238E-03  2.238E-03
   109  5.0600E+01  4.050E-03  4.050E-03  2.564E-03  2.564E-03
   110  4.8300E+01  4.059E-03  4.059E-03  1.811E-03  1.811E-03
   111  4.5200E+01  4.052E-03  4.052E-03  4.491E-03  4.491E-03
   112  4.4000E+01  4.049E-03  4.049E-03  3.266E-03  3.266E-03
   113  4.2400E+01  4.029E-03  4.029E-03  3.616E-03  3.616E-03
   114  4.1000E+01  4.029E-03  4.029E-03  3.507E-03  3.507E-03
   115  3.9600E+01  3.967E-03  3.967E-03  9.592E-03  9.592E-03
   116  3.9100E+01  3.984E-03  3.984E-03  4.264E-03  4.264E-03
   117  3.8000E+01  3.903E-03  3.903E-03  1.232E-02  1.232E-02
   118  3.7630E+01  3.738E-03  3.738E-03  1.222E-02  1.222E-02
   119  3.7270E+01  3.379E-03  3.379E-03  2.955E-02  2.955E-02
   120  3.7130E+01  2.987E-03  2.987E-03  2.973E-02  2.973E-02
   121  3.7000E+01  3.098E-03  3.098E-03  3.683E-03  3.683E-03
   122  3.6000E+01  4.165E-03  4.165E-03  8.753E-03  8.753E-03
   123  3.5500E+01  3.781E-03  3.781E-03  8.859E-03  8.859E-03
   124  3.5000E+01  3.823E-03  3.823E-03  3.458E-03  3.458E-03
   125  3.3750E+01  3.814E-03  3.814E-03  8.419E-03  8.419E-03
   126  3.3250E+01  3.833E-03  3.833E-03  2.738E-03  2.738E-03
   127  3.1750E+01  3.836E-03  3.836E-03  7.977E-03  7.977E-03
   128  3.1250E+01  3.814E-03  3.814E-03  3.103E-03  3.103E-03
   129  3.0000E+01  3.792E-03  3.792E-03  1.443E-03  1.443E-03
   130  2.7500E+01  3.771E-03  3.771E-03  1.328E-03  1.328E-03
   131  2.5000E+01  3.752E-03  3.752E-03  1.216E-03  1.216E-03
   132  2.2500E+01  3.730E-03  3.730E-03  3.801E-03  3.801E-03
   133  2.1750E+01  3.529E-03  3.529E-03  4.859E-03  4.859E-03
   134  2.1200E+01  2.657E-03  2.657E-03  2.993E-03  2.993E-03
   135  2.0500E+01  3.550E-03  3.550E-03  5.268E-03  5.268E-03
   136  2.0000E+01  3.514E-03  3.514E-03  4.421E-03  4.421E-03
   137  1.9400E+01  3.474E-03  3.474E-03  2.853E-03  2.853E-03
   138  1.8500E+01  3.496E-03  3.496E-03  1.608E-03  1.608E-03
   139  1.7000E+01  3.453E-03  3.453E-03  2.241E-03  2.241E-03
   140  1.6000E+01  3.430E-03  3.430E-03  1.291E-03  1.291E-03
   141  1.4400E+01  3.441E-03  3.441E-03  1.241E-03  1.241E-03
   142  1.2900E+01  3.381E-03  3.381E-03  1.683E-03  1.683E-03
   143  1.1900E+01  3.357E-03  3.357E-03  3.945E-03  3.945E-03
   144  1.1500E+01  3.395E-03  3.395E-03  9.804E-04  9.804E-04
   145  1.0000E+01  3.370E-03  3.370E-03  1.451E-03  1.451E-03
   146  9.1000E+00  3.298E-03  3.298E-03  1.171E-03  1.171E-03
   147  8.1000E+00  3.309E-03  3.309E-03  1.125E-03  1.125E-03
   148  7.1500E+00  3.171E-03  3.171E-03  6.604E-03  6.604E-03
   149  7.0000E+00  2.996E-03  2.996E-03  7.436E-03  7.436E-03
   150  6.8750E+00  2.399E-03  2.399E-03  6.107E-03  6.107E-03
   151  6.7500E+00  2.210E-03  2.210E-03  2.934E-03  2.934E-03
   152  6.5000E+00  2.765E-03  2.765E-03  3.671E-03  3.671E-03
   153  6.2500E+00  2.930E-03  2.930E-03  3.803E-03  3.803E-03
   154  6.0000E+00  2.906E-03  2.906E-03  1.497E-03  1.497E-03
   155  5.4000E+00  2.843E-03  2.843E-03  2.061E-03  2.061E-03
   156  5.0000E+00  2.969E-03  2.969E-03  2.557E-03  2.557E-03
   157  4.7000E+00  3.135E-03  3.135E-03  1.166E-03  1.166E-03
   158  4.1000E+00  3.055E-03  3.055E-03  1.687E-03  1.687E-03
   159  3.7300E+00  2.811E-03  2.811E-03  2.507E-03  2.507E-03
   160  3.5000E+00  2.849E-03  2.849E-03  1.784E-03  1.784E-03
   161  3.2000E+00  2.923E-03  2.923E-03  5.038E-03  5.038E-03
   162  3.1000E+00  3.074E-03  3.074E-03  4.880E-03  4.880E-03
   163  3.0000E+00  3.196E-03  3.196E-03  1.592E-02  1.592E-02
   164  2.9700E+00  3.021E-03  3.021E-03  4.673E-03  4.673E-03
   165  2.8700E+00  2.972E-03  2.972E-03  4.513E-03  4.513E-03
   166  2.7700E+00  2.979E-03  2.979E-03  4.354E-03  4.354E-03
   167  2.6700E+00  2.985E-03  2.985E-03  4.195E-03  4.195E-03
   168  2.5700E+00  2.992E-03  2.992E-03  4.036E-03  4.036E-03
   169  2.4700E+00  2.999E-03  2.999E-03  4.316E-03  4.316E-03
   170  2.3800E+00  3.005E-03  3.005E-03  4.687E-03  4.687E-03
   171  2.3000E+00  3.012E-03  3.012E-03  4.015E-03  4.015E-03
   172  2.2100E+00  3.019E-03  3.019E-03  3.855E-03  3.855E-03
   173  2.1200E+00  3.027E-03  3.027E-03  2.746E-03  2.746E-03
   174  2.0000E+00  3.074E-03  3.074E-03  5.262E-03  5.262E-03
   175  1.9400E+00  3.090E-03  3.090E-03  3.811E-03  3.811E-03
   176  1.8600E+00  3.115E-03  3.115E-03  3.238E-03  3.238E-03
   177  1.7700E+00  3.143E-03  3.143E-03  3.079E-03  3.079E-03
   178  1.6800E+00  3.168E-03  3.168E-03  2.919E-03  2.919E-03
   179  1.5900E+00  3.190E-03  3.190E-03  2.759E-03  2.759E-03
   180  1.5000E+00  3.207E-03  3.207E-03  4.742E-03  4.742E-03
   181  1.4500E+00  3.219E-03  3.219E-03  4.582E-03  4.582E-03
   182  1.4000E+00  3.230E-03  3.230E-03  4.422E-03  4.422E-03
   183  1.3500E+00  3.241E-03  3.241E-03  4.262E-03  4.262E-03
   184  1.3000E+00  3.254E-03  3.254E-03  4.101E-03  4.101E-03
   185  1.2500E+00  3.261E-03  3.261E-03  7.962E-03  7.962E-03
   186  1.2250E+00  3.265E-03  3.265E-03  7.803E-03  7.803E-03
   187  1.2000E+00  3.268E-03  3.268E-03  7.643E-03  7.643E-03
   188  1.1750E+00  3.272E-03  3.272E-03  7.485E-03  7.485E-03
   189  1.1500E+00  3.277E-03  3.277E-03  1.844E-02  1.844E-02
   190  1.1400E+00  3.280E-03  3.280E-03  1.828E-02  1.828E-02
   191  1.1300E+00  3.284E-03  3.284E-03  1.812E-02  1.812E-02
   192  1.1200E+00  3.289E-03  3.289E-03  1.796E-02  1.796E-02
   193  1.1100E+00  3.295E-03  3.295E-03  1.780E-02  1.780E-02
   194  1.1000E+00  3.301E-03  3.301E-03  1.764E-02  1.764E-02
   195  1.0900E+00  3.307E-03  3.307E-03  1.748E-02  1.748E-02
   196  1.0800E+00  3.314E-03  3.314E-03  1.732E-02  1.732E-02
   197  1.0700E+00  3.322E-03  3.322E-03  1.716E-02  1.716E-02
   198  1.0600E+00  3.330E-03  3.330E-03  1.700E-02  1.700E-02
   199  1.0500E+00  3.338E-03  3.338E-03  1.684E-02  1.684E-02
   200  1.0400E+00  3.346E-03  3.346E-03  1.668E-02  1.668E-02
   201  1.0300E+00  3.355E-03  3.355E-03  1.652E-02  1.652E-02
   202  1.0200E+00  3.364E-03  3.364E-03  1.636E-02  1.636E-02
   203  1.0100E+00  3.373E-03  3.373E-03  1.620E-02  1.620E-02
   204  1.0000E+00  3.390E-03  3.390E-03  6.367E-03  6.367E-03
   205  9.7500E-01  3.415E-03  3.415E-03  6.206E-03  6.206E-03
   206  9.5000E-01  3.443E-03  3.443E-03  6.045E-03  6.045E-03
   207  9.2500E-01  3.472E-03  3.472E-03  5.884E-03  5.884E-03
   208  9.0000E-01  3.520E-03  3.520E-03  2.821E-03  2.821E-03
   209  8.5000E-01  3.594E-03  3.594E-03  2.659E-03  2.659E-03
   210  8.0000E-01  3.691E-03  3.691E-03  2.498E-03  2.498E-03
   211  7.5000E-01  3.823E-03  3.823E-03  2.337E-03  2.337E-03
   212  7.0000E-01  3.994E-03  3.994E-03  2.176E-03  2.176E-03
   213  6.5000E-01  4.153E-03  4.153E-03  4.112E-03  4.112E-03
   214  6.2500E-01  4.286E-03  4.286E-03  3.951E-03  3.951E-03
   215  6.0000E-01  4.523E-03  4.523E-03  1.854E-03  1.854E-03
   216  5.5000E-01  4.924E-03  4.924E-03  1.693E-03  1.693E-03
   217  5.0000E-01  5.448E-03  5.448E-03  1.531E-03  1.531E-03
   218  4.5000E-01  6.111E-03  6.111E-03  1.370E-03  1.370E-03
   219  4.0000E-01  6.694E-03  6.694E-03  2.501E-03  2.501E-03
   220  3.7500E-01  7.140E-03  7.140E-03  2.339E-03  2.339E-03
   221  3.5000E-01  7.609E-03  7.609E-03  2.178E-03  2.178E-03
   222  3.2500E-01  8.088E-03  8.088E-03  2.016E-03  2.016E-03
   223  3.0000E-01  8.577E-03  8.577E-03  1.854E-03  1.854E-03
   224  2.7500E-01  9.050E-03  9.050E-03  1.692E-03  1.692E-03
   225  2.5000E-01  9.443E-03  9.443E-03  1.531E-03  1.531E-03
   226  2.2500E-01  9.708E-03  9.708E-03  1.370E-03  1.370E-03
   227  2.0000E-01  9.749E-03  9.749E-03  1.209E-03  1.209E-03
   228  1.7500E-01  9.464E-03  9.464E-03  1.048E-03  1.048E-03
   229  1.5000E-01  8.751E-03  8.751E-03  8.865E-04  8.865E-04
   230  1.2500E-01  7.659E-03  7.659E-03  7.249E-04  7.249E-04
   231  1.0000E-01  6.643E-03  6.643E-03  1.536E-03  1.536E-03
   232  9.0000E-02  5.889E-03  5.889E-03  1.375E-03  1.375E-03
   233  8.0000E-02  5.040E-03  5.040E-03  1.214E-03  1.214E-03
   234  7.0000E-02  4.157E-03  4.157E-03  1.052E-03  1.052E-03
   235  6.0000E-02  3.262E-03  3.262E-03  8.901E-04  8.901E-04
   236  5.0000E-02  2.382E-03  2.382E-03  7.279E-04  7.279E-04
   237  4.0000E-02  1.549E-03  1.549E-03  5.650E-04  5.650E-04
   238  3.0000E-02  1.031E-03  1.031E-03  9.544E-04  9.544E-04
   239  2.5300E-02  4.096E-04  4.096E-04  1.752E-04  1.752E-04
   240  1.0000E-02  1.113E-04  1.113E-04  5.650E-04  5.650E-04
   241  7.5000E-03  5.773E-05  5.773E-05  4.008E-04  4.008E-04
   242  5.0000E-03  3.039E-05  3.039E-05  7.281E-04  7.281E-04
   243  4.0000E-03  1.855E-05  1.855E-05  5.646E-04  5.646E-04
   244  3.0000E-03  1.170E-05  1.170E-05  8.905E-04  8.905E-04
   245  2.5000E-03  7.953E-06  7.953E-06  7.273E-04  7.273E-04
   246  2.0000E-03  4.598E-06  4.598E-06  5.642E-04  5.642E-04
   247  1.5000E-03  2.266E-06  2.266E-06  7.278E-04  7.278E-04
   248  1.2000E-03  1.313E-06  1.313E-06  8.908E-04  8.908E-04
   249  1.0000E-03  6.898E-07  6.898E-07  5.646E-04  5.646E-04
   250  7.5000E-04  2.862E-07  2.862E-07  4.006E-04  4.006E-04
   251  5.0000E-04  2.434E-08  2.434E-08  1.011E-04  1.011E-04
   252  1.0000E-04  5.279E-11  5.279E-11  7.131E-05  7.131E-05


     1  2.0000E+07  2.430E-11  2.430E-11  6.717E-04  6.717E-04
     2  1.7330E+07  2.746E-10  2.746E-10  9.819E-04  9.819E-04
     3  1.5680E+07  6.966E-10  6.966E-10  1.324E-03  1.324E-03
     4  1.4550E+07  8.083E-08  8.083E-08  1.937E-03  1.937E-03
     5  1.3840E+07  3.133E-06  3.133E-06  1.271E-03  1.271E-03
     6  1.2840E+07  2.464E-05  2.464E-05  3.747E-04  3.747E-04
     7  1.0000E+07  9.713E-05  9.713E-05  4.627E-04  4.627E-04
     8  8.1870E+06  3.481E-04  3.481E-04  4.335E-04  4.335E-04
     9  6.4340E+06  9.564E-04  9.564E-04  3.655E-04  3.655E-04
    10  4.8000E+06  1.544E-03  1.544E-03  9.863E-04  9.863E-04
    11  4.3040E+06  1.958E-03  1.958E-03  2.980E-04  2.980E-04
    12  3.0000E+06  3.367E-03  3.367E-03  5.616E-04  5.616E-04
    13  2.4790E+06  4.380E-03  4.380E-03  2.066E-03  2.066E-03
    14  2.3540E+06  5.337E-03  5.337E-03  4.427E-04  4.427E-04
    15  1.8500E+06  6.226E-03  6.226E-03  5.064E-04  5.064E-04
    16  1.5000E+06  6.462E-03  6.462E-03  1.536E-03  1.536E-03
    17  1.4000E+06  6.405E-03  6.405E-03  3.315E-03  3.315E-03
    18  1.3560E+06  6.404E-03  6.404E-03  3.627E-03  3.627E-03
    19  1.3170E+06  6.362E-03  6.362E-03  2.026E-03  2.026E-03
    20  1.2500E+06  6.362E-03  6.362E-03  2.592E-03  2.592E-03
    21  1.2000E+06  6.491E-03  6.491E-03  1.216E-03  1.216E-03
    22  1.1000E+06  6.555E-03  6.555E-03  1.239E-03  1.239E-03
    23  1.0100E+06  6.494E-03  6.494E-03  1.134E-03  1.134E-03
    24  9.2000E+05  6.452E-03  6.452E-03  4.814E-03  4.814E-03
    25  9.0000E+05  6.484E-03  6.484E-03  3.756E-03  3.756E-03
    26  8.7500E+05  6.465E-03  6.465E-03  6.607E-03  6.607E-03
    27  8.6110E+05  6.471E-03  6.471E-03  2.163E-03  2.163E-03
    28  8.2000E+05  6.484E-03  6.484E-03  1.186E-03  1.186E-03
    29  7.5000E+05  6.454E-03  6.454E-03  1.064E-03  1.064E-03
    30  6.7900E+05  6.406E-03  6.406E-03  7.931E-03  7.931E-03
    31  6.7000E+05  6.303E-03  6.303E-03  9.591E-04  9.591E-04
    32  6.0000E+05  6.223E-03  6.223E-03  2.299E-03  2.299E-03
    33  5.7300E+05  6.235E-03  6.235E-03  2.584E-03  2.584E-03
    34  5.5000E+05  6.091E-03  6.091E-03  9.499E-04  9.499E-04
    35  4.9200E+05  6.070E-03  6.070E-03  2.314E-03  2.314E-03
    36  4.7000E+05  5.898E-03  5.898E-03  1.605E-03  1.605E-03
    37  4.4000E+05  5.627E-03  5.627E-03  2.276E-03  2.276E-03
    38  4.2000E+05  5.617E-03  5.617E-03  2.170E-03  2.170E-03
    39  4.0000E+05  5.414E-03  5.414E-03  5.504E-04  5.504E-04
    40  3.3000E+05  4.986E-03  4.986E-03  5.277E-04  5.277E-04
    41  2.7000E+05  4.956E-03  4.956E-03  3.529E-04  3.529E-04
    42  2.0000E+05  5.183E-03  5.183E-03  3.598E-04  3.598E-04
    43  1.4900E+05  5.225E-03  5.225E-03  7.083E-04  7.083E-04
    44  1.2830E+05  4.957E-03  4.957E-03  4.252E-04  4.252E-04
    45  1.0000E+05  4.935E-03  4.935E-03  6.522E-04  6.522E-04
    46  8.5000E+04  5.443E-03  5.443E-03  2.950E-03  2.950E-03
    47  8.2000E+04  5.374E-03  5.374E-03  1.188E-03  1.188E-03
    48  7.5000E+04  5.261E-03  5.261E-03  3.923E-03  3.923E-03
    49  7.3000E+04  5.239E-03  5.239E-03  5.407E-04  5.407E-04
    50  6.0000E+04  5.185E-03  5.185E-03  7.413E-04  7.413E-04
    51  5.2000E+04  4.876E-03  4.876E-03  2.705E-03  2.705E-03
    52  5.0000E+04  4.685E-03  4.685E-03  1.007E-03  1.007E-03
    53  4.5000E+04  5.129E-03  5.129E-03  2.618E-04  2.618E-04
    54  3.0000E+04  5.069E-03  5.069E-03  2.622E-04  2.622E-04
    55  2.0000E+04  5.048E-03  5.048E-03  6.552E-04  6.552E-04
    56  1.7000E+04  5.024E-03  5.024E-03  3.972E-04  3.972E-04
    57  1.3000E+04  5.001E-03  5.001E-03  3.402E-04  3.402E-04
    58  9.5000E+03  4.981E-03  4.981E-03  6.356E-04  6.356E-04
    59  8.0300E+03  4.965E-03  4.965E-03  3.121E-04  3.121E-04
    60  5.7000E+03  4.936E-03  4.936E-03  2.825E-04  2.825E-04
    61  3.9000E+03  4.932E-03  4.932E-03  2.564E-03  2.564E-03
    62  3.7400E+03  4.909E-03  4.909E-03  4.875E-04  4.875E-04
    63  3.0000E+03  4.896E-03  4.896E-03  5.907E-04  5.907E-04
    64  2.5000E+03  4.869E-03  4.869E-03  1.023E-03  1.023E-03
    65  2.2500E+03  4.890E-03  4.890E-03  4.803E-03  4.803E-03
    66  2.2000E+03  4.866E-03  4.866E-03  5.383E-04  5.383E-04
    67  1.8000E+03  4.846E-03  4.846E-03  7.233E-04  7.233E-04
    68  1.5500E+03  4.839E-03  4.839E-03  3.304E-03  3.304E-03
    69  1.5000E+03  4.821E-03  4.821E-03  4.083E-04  4.083E-04
    70  1.1500E+03  4.785E-03  4.785E-03  5.695E-04  5.695E-04
    71  9.5000E+02  4.758E-03  4.758E-03  3.310E-04  3.310E-04
    72  6.8300E+02  4.740E-03  4.740E-03  5.728E-03  5.728E-03
    73  6.7000E+02  4.711E-03  4.711E-03  5.565E-04  5.565E-04
    74  5.5000E+02  4.653E-03  4.653E-03  1.873E-04  1.873E-04
    75  3.0500E+02  4.590E-03  4.590E-03  1.637E-03  1.637E-03
    76  2.8500E+02  4.576E-03  4.576E-03  6.505E-04  6.505E-04
    77  2.4000E+02  4.521E-03  4.521E-03  1.285E-03  1.285E-03
    78  2.2000E+02  4.530E-03  4.530E-03  2.309E-03  2.309E-03
    79  2.0950E+02  3.766E-03  3.766E-03  1.043E-02  1.043E-02
    80  2.0740E+02  4.719E-03  4.719E-03  4.294E-03  4.294E-03
    81  2.0200E+02  4.498E-03  4.498E-03  2.488E-03  2.488E-03
    82  1.9300E+02  4.372E-03  4.372E-03  1.448E-02  1.448E-02
    83  1.9150E+02  3.614E-03  3.614E-03  6.912E-03  6.912E-03
    84  1.8850E+02  5.584E-03  5.584E-03  2.639E-02  2.639E-02
    85  1.8770E+02  4.692E-03  4.692E-03  2.715E-03  2.715E-03
    86  1.8000E+02  4.483E-03  4.483E-03  1.994E-03  1.994E-03
    87  1.7000E+02  4.447E-03  4.447E-03  6.568E-04  6.568E-04
    88  1.4300E+02  4.444E-03  4.444E-03  7.208E-04  7.208E-04
    89  1.2200E+02  4.423E-03  4.423E-03  4.619E-03  4.619E-03
    90  1.1900E+02  4.314E-03  4.314E-03  8.980E-03  8.980E-03
    91  1.1750E+02  3.608E-03  3.608E-03  7.949E-03  7.949E-03
    92  1.1600E+02  4.555E-03  4.555E-03  4.415E-03  4.415E-03
    93  1.1300E+02  4.390E-03  4.390E-03  2.556E-03  2.556E-03
    94  1.0800E+02  4.361E-03  4.361E-03  4.111E-03  4.111E-03
    95  1.0500E+02  3.986E-03  3.986E-03  2.999E-03  2.999E-03
    96  1.0120E+02  4.468E-03  4.468E-03  2.758E-03  2.758E-03
    97  9.7000E+01  4.316E-03  4.316E-03  1.562E-03  1.562E-03
    98  9.0000E+01  4.293E-03  4.293E-03  1.211E-03  1.211E-03
    99  8.1700E+01  4.048E-03  4.048E-03  5.307E-03  5.307E-03
   100  8.0000E+01  4.272E-03  4.272E-03  2.306E-03  2.306E-03
   101  7.6000E+01  4.256E-03  4.256E-03  2.195E-03  2.195E-03
   102  7.2000E+01  4.248E-03  4.248E-03  1.840E-03  1.840E-03
   103  6.7500E+01  3.784E-03  3.784E-03  2.886E-03  2.886E-03
   104  6.5000E+01  4.238E-03  4.238E-03  3.836E-03  3.836E-03
   105  6.3000E+01  4.178E-03  4.178E-03  3.732E-03  3.732E-03
   106  6.1000E+01  4.157E-03  4.157E-03  2.390E-03  2.390E-03
   107  5.8000E+01  4.127E-03  4.127E-03  1.461E-03  1.461E-03
   108  5.3400E+01  4.109E-03  4.109E-03  2.238E-03  2.238E-03
   109  5.0600E+01  4.097E-03  4.097E-03  2.564E-03  2.564E-03
   110  4.8300E+01  4.106E-03  4.106E-03  1.812E-03  1.812E-03
   111  4.5200E+01  4.097E-03  4.097E-03  4.489E-03  4.489E-03
   112  4.4000E+01  4.095E-03  4.095E-03  3.266E-03  3.266E-03
   113  4.2400E+01  4.075E-03  4.075E-03  3.616E-03  3.616E-03
   114  4.1000E+01  4.076E-03  4.076E-03  3.508E-03  3.508E-03
   115  3.9600E+01  4.015E-03  4.015E-03  9.597E-03  9.597E-03
   116  3.9100E+01  4.030E-03  4.030E-03  4.265E-03  4.265E-03
   117  3.8000E+01  3.948E-03  3.948E-03  1.232E-02  1.232E-02
   118  3.7630E+01  3.781E-03  3.781E-03  1.223E-02  1.223E-02
   119  3.7270E+01  3.418E-03  3.418E-03  2.956E-02  2.956E-02
   120  3.7130E+01  3.021E-03  3.021E-03  2.974E-02  2.974E-02
   121  3.7000E+01  3.134E-03  3.134E-03  3.684E-03  3.684E-03
   122  3.6000E+01  4.213E-03  4.213E-03  8.756E-03  8.756E-03
   123  3.5500E+01  3.828E-03  3.828E-03  8.865E-03  8.865E-03
   124  3.5000E+01  3.869E-03  3.869E-03  3.459E-03  3.459E-03
   125  3.3750E+01  3.860E-03  3.860E-03  8.422E-03  8.422E-03
   126  3.3250E+01  3.879E-03  3.879E-03  2.739E-03  2.739E-03
   127  3.1750E+01  3.881E-03  3.881E-03  7.978E-03  7.978E-03
   128  3.1250E+01  3.859E-03  3.859E-03  3.104E-03  3.104E-03
   129  3.0000E+01  3.837E-03  3.837E-03  1.443E-03  1.443E-03
   130  2.7500E+01  3.816E-03  3.816E-03  1.328E-03  1.328E-03
   131  2.5000E+01  3.798E-03  3.798E-03  1.217E-03  1.217E-03
   132  2.2500E+01  3.772E-03  3.772E-03  3.801E-03  3.801E-03
   133  2.1750E+01  3.572E-03  3.572E-03  4.859E-03  4.859E-03
   134  2.1200E+01  2.689E-03  2.689E-03  2.992E-03  2.992E-03
   135  2.0500E+01  3.592E-03  3.592E-03  5.267E-03  5.267E-03
   136  2.0000E+01  3.557E-03  3.557E-03  4.420E-03  4.420E-03
   137  1.9400E+01  3.519E-03  3.519E-03  2.853E-03  2.853E-03
   138  1.8500E+01  3.538E-03  3.538E-03  1.608E-03  1.608E-03
   139  1.7000E+01  3.495E-03  3.495E-03  2.241E-03  2.241E-03
   140  1.6000E+01  3.470E-03  3.470E-03  1.291E-03  1.291E-03
   141  1.4400E+01  3.482E-03  3.482E-03  1.240E-03  1.240E-03
   142  1.2900E+01  3.423E-03  3.423E-03  1.683E-03  1.683E-03
   143  1.1900E+01  3.397E-03  3.397E-03  3.944E-03  3.944E-03
   144  1.1500E+01  3.434E-03  3.434E-03  9.798E-04  9.798E-04
   145  1.0000E+01  3.410E-03  3.410E-03  1.450E-03  1.450E-03
   146  9.1000E+00  3.339E-03  3.339E-03  1.170E-03  1.170E-03
   147  8.1000E+00  3.346E-03  3.346E-03  1.123E-03  1.123E-03
   148  7.1500E+00  3.210E-03  3.210E-03  6.598E-03  6.598E-03
   149  7.0000E+00  3.031E-03  3.031E-03  7.427E-03  7.427E-03
   150  6.8750E+00  2.427E-03  2.427E-03  6.100E-03  6.100E-03
   151  6.7500E+00  2.235E-03  2.235E-03  2.931E-03  2.931E-03
   152  6.5000E+00  2.799E-03  2.799E-03  3.669E-03  3.669E-03
   153  6.2500E+00  2.965E-03  2.965E-03  3.800E-03  3.800E-03
   154  6.0000E+00  2.936E-03  2.936E-03  1.494E-03  1.494E-03
   155  5.4000E+00  2.871E-03  2.871E-03  2.058E-03  2.058E-03
   156  5.0000E+00  3.001E-03  3.001E-03  2.557E-03  2.557E-03
   157  4.7000E+00  3.167E-03  3.167E-03  1.166E-03  1.166E-03
   158  4.1000E+00  3.087E-03  3.087E-03  1.687E-03  1.687E-03
   159  3.7300E+00  2.841E-03  2.841E-03  2.507E-03  2.507E-03
   160  3.5000E+00  2.879E-03  2.879E-03  1.784E-03  1.784E-03
   161  3.2000E+00  2.954E-03  2.954E-03  5.039E-03  5.039E-03
   162  3.1000E+00  3.107E-03  3.107E-03  4.880E-03  4.880E-03
   163  3.0000E+00  3.229E-03  3.229E-03  1.592E-02  1.592E-02
   164  2.9700E+00  3.053E-03  3.053E-03  4.673E-03  4.673E-03
   165  2.8700E+00  3.004E-03  3.004E-03  4.513E-03  4.513E-03
   166  2.7700E+00  3.011E-03  3.011E-03  4.353E-03  4.353E-03
   167  2.6700E+00  3.017E-03  3.017E-03  4.194E-03  4.194E-03
   168  2.5700E+00  3.024E-03  3.024E-03  4.035E-03  4.035E-03
   169  2.4700E+00  3.031E-03  3.031E-03  4.316E-03  4.316E-03
   170  2.3800E+00  3.037E-03  3.037E-03  4.686E-03  4.686E-03
   171  2.3000E+00  3.044E-03  3.044E-03  4.015E-03  4.015E-03
   172  2.2100E+00  3.051E-03  3.051E-03  3.855E-03  3.855E-03
   173  2.1200E+00  3.059E-03  3.059E-03  2.746E-03  2.746E-03
   174  2.0000E+00  3.106E-03  3.106E-03  5.261E-03  5.261E-03
   175  1.9400E+00  3.122E-03  3.122E-03  3.811E-03  3.811E-03
   176  1.8600E+00  3.148E-03  3.148E-03  3.238E-03  3.238E-03
   177  1.7700E+00  3.176E-03  3.176E-03  3.078E-03  3.078E-03
   178  1.6800E+00  3.201E-03  3.201E-03  2.918E-03  2.918E-03
   179  1.5900E+00  3.224E-03  3.224E-03  2.758E-03  2.758E-03
   180  1.5000E+00  3.241E-03  3.241E-03  4.742E-03  4.742E-03
   181  1.4500E+00  3.252E-03  3.252E-03  4.582E-03  4.582E-03
   182  1.4000E+00  3.263E-03  3.263E-03  4.422E-03  4.422E-03
   183  1.3500E+00  3.275E-03  3.275E-03  4.262E-03  4.262E-03
   184  1.3000E+00  3.287E-03  3.287E-03  4.101E-03  4.101E-03
   185  1.2500E+00  3.294E-03  3.294E-03  7.963E-03  7.963E-03
   186  1.2250E+00  3.298E-03  3.298E-03  7.804E-03  7.804E-03
   187  1.2000E+00  3.300E-03  3.300E-03  7.645E-03  7.645E-03
   188  1.1750E+00  3.303E-03  3.303E-03  7.486E-03  7.486E-03
   189  1.1500E+00  3.307E-03  3.307E-03  1.844E-02  1.844E-02
   190  1.1400E+00  3.309E-03  3.309E-03  1.828E-02  1.828E-02
   191  1.1300E+00  3.312E-03  3.312E-03  1.811E-02  1.811E-02
   192  1.1200E+00  3.315E-03  3.315E-03  1.795E-02  1.795E-02
   193  1.1100E+00  3.318E-03  3.318E-03  1.778E-02  1.778E-02
   194  1.1000E+00  3.321E-03  3.321E-03  1.761E-02  1.761E-02
   195  1.0900E+00  3.324E-03  3.324E-03  1.743E-02  1.743E-02
   196  1.0800E+00  3.327E-03  3.327E-03  1.726E-02  1.726E-02
   197  1.0700E+00  3.332E-03  3.332E-03  1.709E-02  1.709E-02
   198  1.0600E+00  3.338E-03  3.338E-03  1.693E-02  1.693E-02
   199  1.0500E+00  3.347E-03  3.347E-03  1.678E-02  1.678E-02
   200  1.0400E+00  3.357E-03  3.357E-03  1.663E-02  1.663E-02
   201  1.0300E+00  3.369E-03  3.369E-03  1.648E-02  1.648E-02
   202  1.0200E+00  3.380E-03  3.380E-03  1.634E-02  1.634E-02
   203  1.0100E+00  3.392E-03  3.392E-03  1.619E-02  1.619E-02
   204  1.0000E+00  3.412E-03  3.412E-03  6.372E-03  6.372E-03
   205  9.7500E-01  3.439E-03  3.439E-03  6.216E-03  6.216E-03
   206  9.5000E-01  3.467E-03  3.467E-03  6.057E-03  6.057E-03
   207  9.2500E-01  3.495E-03  3.495E-03  5.897E-03  5.897E-03
   208  9.0000E-01  3.543E-03  3.543E-03  2.828E-03  2.828E-03
   209  8.5000E-01  3.615E-03  3.615E-03  2.667E-03  2.667E-03
   210  8.0000E-01  3.709E-03  3.709E-03  2.506E-03  2.506E-03
   211  7.5000E-01  3.835E-03  3.835E-03  2.345E-03  2.345E-03
   212  7.0000E-01  3.998E-03  3.998E-03  2.183E-03  2.183E-03
   213  6.5000E-01  4.147E-03  4.147E-03  4.125E-03  4.125E-03
   214  6.2500E-01  4.271E-03  4.271E-03  3.964E-03  3.964E-03
   215  6.0000E-01  4.490E-03  4.490E-03  1.860E-03  1.860E-03
   216  5.5000E-01  4.857E-03  4.857E-03  1.698E-03  1.698E-03
   217  5.0000E-01  5.329E-03  5.329E-03  1.536E-03  1.536E-03
   218  4.5000E-01  5.917E-03  5.917E-03  1.375E-03  1.375E-03
   219  4.0000E-01  6.424E-03  6.424E-03  2.509E-03  2.509E-03
   220  3.7500E-01  6.804E-03  6.804E-03  2.347E-03  2.347E-03
   221  3.5000E-01  7.193E-03  7.193E-03  2.184E-03  2.184E-03
   222  3.2500E-01  7.584E-03  7.584E-03  2.022E-03  2.022E-03
   223  3.0000E-01  8.000E-03  8.000E-03  1.859E-03  1.859E-03
   224  2.7500E-01  8.426E-03  8.426E-03  1.697E-03  1.697E-03
   225  2.5000E-01  8.790E-03  8.790E-03  1.536E-03  1.536E-03
   226  2.2500E-01  9.032E-03  9.032E-03  1.374E-03  1.374E-03
   227  2.0000E-01  9.064E-03  9.064E-03  1.213E-03  1.213E-03
   228  1.7500E-01  8.792E-03  8.792E-03  1.051E-03  1.051E-03
   229  1.5000E-01  8.121E-03  8.121E-03  8.891E-04  8.891E-04
   230  1.2500E-01  7.099E-03  7.099E-03  7.268E-04  7.268E-04
   231  1.0000E-01  6.153E-03  6.153E-03  1.540E-03  1.540E-03
   232  9.0000E-02  5.453E-03  5.453E-03  1.379E-03  1.379E-03
   233  8.0000E-02  4.668E-03  4.668E-03  1.217E-03  1.217E-03
   234  7.0000E-02  3.850E-03  3.850E-03  1.056E-03  1.056E-03
   235  6.0000E-02  3.022E-03  3.022E-03  8.937E-04  8.937E-04
   236  5.0000E-02  2.208E-03  2.208E-03  7.312E-04  7.312E-04
   237  4.0000E-02  1.436E-03  1.436E-03  5.679E-04  5.679E-04
   238  3.0000E-02  9.556E-04  9.556E-04  9.598E-04  9.598E-04
   239  2.5300E-02  3.799E-04  3.799E-04  1.764E-04  1.764E-04
   240  1.0000E-02  1.033E-04  1.033E-04  5.692E-04  5.692E-04
   241  7.5000E-03  5.357E-05  5.357E-05  4.038E-04  4.038E-04
   242  5.0000E-03  2.820E-05  2.820E-05  7.339E-04  7.339E-04
   243  4.0000E-03  1.722E-05  1.722E-05  5.691E-04  5.691E-04
   244  3.0000E-03  1.086E-05  1.086E-05  8.976E-04  8.976E-04
   245  2.5000E-03  7.381E-06  7.381E-06  7.330E-04  7.330E-04
   246  2.0000E-03  4.267E-06  4.267E-06  5.687E-04  5.687E-04
   247  1.5000E-03  2.102E-06  2.102E-06  7.338E-04  7.338E-04
   248  1.2000E-03  1.218E-06  1.218E-06  8.981E-04  8.981E-04
   249  1.0000E-03  6.400E-07  6.400E-07  5.693E-04  5.693E-04
   250  7.5000E-04  2.656E-07  2.656E-07  4.040E-04  4.040E-04
   251  5.0000E-04  2.259E-08  2.259E-08  1.020E-04  1.020E-04
   252  1.0000E-04  4.910E-11  4.910E-11  7.224E-05  7.224E-05


     1  2.0000E+07  2.722E-10  2.722E-10  6.764E-04  6.764E-04
     2  1.7330E+07  4.124E-09  4.124E-09  9.886E-04  9.886E-04
     3  1.5680E+07  1.032E-08  1.032E-08  1.332E-03  1.332E-03
     4  1.4550E+07  2.104E-07  2.104E-07  1.949E-03  1.949E-03
     5  1.3840E+07  3.650E-06  3.650E-06  1.278E-03  1.278E-03
     6  1.2840E+07  2.620E-05  2.620E-05  3.769E-04  3.769E-04
     7  1.0000E+07  1.020E-04  1.020E-04  4.652E-04  4.652E-04
     8  8.1870E+06  3.622E-04  3.622E-04  4.355E-04  4.355E-04
     9  6.4340E+06  9.879E-04  9.879E-04  3.670E-04  3.670E-04
    10  4.8000E+06  1.590E-03  1.590E-03  9.904E-04  9.904E-04
    11  4.3040E+06  2.008E-03  2.008E-03  2.992E-04  2.992E-04
    12  3.0000E+06  3.445E-03  3.445E-03  5.636E-04  5.636E-04
    13  2.4790E+06  4.480E-03  4.480E-03  2.073E-03  2.073E-03
    14  2.3540E+06  5.451E-03  5.451E-03  4.441E-04  4.441E-04
    15  1.8500E+06  6.353E-03  6.353E-03  5.079E-04  5.079E-04
    16  1.5000E+06  6.591E-03  6.591E-03  1.540E-03  1.540E-03
    17  1.4000E+06  6.531E-03  6.531E-03  3.324E-03  3.324E-03
    18  1.3560E+06  6.530E-03  6.530E-03  3.637E-03  3.637E-03
    19  1.3170E+06  6.486E-03  6.486E-03  2.032E-03  2.032E-03
    20  1.2500E+06  6.486E-03  6.486E-03  2.599E-03  2.599E-03
    21  1.2000E+06  6.616E-03  6.616E-03  1.219E-03  1.219E-03
    22  1.1000E+06  6.680E-03  6.680E-03  1.243E-03  1.243E-03
    23  1.0100E+06  6.616E-03  6.616E-03  1.137E-03  1.137E-03
    24  9.2000E+05  6.573E-03  6.573E-03  4.826E-03  4.826E-03
    25  9.0000E+05  6.605E-03  6.605E-03  3.766E-03  3.766E-03
    26  8.7500E+05  6.586E-03  6.586E-03  6.625E-03  6.625E-03
    27  8.6110E+05  6.591E-03  6.591E-03  2.169E-03  2.169E-03
    28  8.2000E+05  6.603E-03  6.603E-03  1.189E-03  1.189E-03
    29  7.5000E+05  6.572E-03  6.572E-03  1.067E-03  1.067E-03
    30  6.7900E+05  6.523E-03  6.523E-03  7.952E-03  7.952E-03
    31  6.7000E+05  6.417E-03  6.417E-03  9.616E-04  9.616E-04
    32  6.0000E+05  6.335E-03  6.335E-03  2.305E-03  2.305E-03
    33  5.7300E+05  6.347E-03  6.347E-03  2.590E-03  2.590E-03
    34  5.5000E+05  6.199E-03  6.199E-03  9.523E-04  9.523E-04
    35  4.9200E+05  6.178E-03  6.178E-03  2.320E-03  2.320E-03
    36  4.7000E+05  6.002E-03  6.002E-03  1.609E-03  1.609E-03
    37  4.4000E+05  5.727E-03  5.727E-03  2.282E-03  2.282E-03
    38  4.2000E+05  5.715E-03  5.715E-03  2.176E-03  2.176E-03
    39  4.0000E+05  5.509E-03  5.509E-03  5.518E-04  5.518E-04
    40  3.3000E+05  5.073E-03  5.073E-03  5.290E-04  5.290E-04
    41  2.7000E+05  5.042E-03  5.042E-03  3.538E-04  3.538E-04
    42  2.0000E+05  5.272E-03  5.272E-03  3.607E-04  3.607E-04
    43  1.4900E+05  5.315E-03  5.315E-03  7.101E-04  7.101E-04
    44  1.2830E+05  5.042E-03  5.042E-03  4.263E-04  4.263E-04
    45  1.0000E+05  5.019E-03  5.019E-03  6.538E-04  6.538E-04
    46  8.5000E+04  5.537E-03  5.537E-03  2.957E-03  2.957E-03
    47  8.2000E+04  5.466E-03  5.466E-03  1.191E-03  1.191E-03
    48  7.5000E+04  5.351E-03  5.351E-03  3.932E-03  3.932E-03
    49  7.3000E+04  5.328E-03  5.328E-03  5.421E-04  5.421E-04
    50  6.0000E+04  5.273E-03  5.273E-03  7.431E-04  7.431E-04
    51  5.2000E+04  4.960E-03  4.960E-03  2.712E-03  2.712E-03
    52  5.0000E+04  4.765E-03  4.765E-03  1.010E-03  1.010E-03
    53  4.5000E+04  5.217E-03  5.217E-03  2.625E-04  2.625E-04
    54  3.0000E+04  5.156E-03  5.156E-03  2.628E-04  2.628E-04
    55  2.0000E+04  5.135E-03  5.135E-03  6.568E-04  6.568E-04
    56  1.7000E+04  5.111E-03  5.111E-03  3.982E-04  3.982E-04
    57  1.3000E+04  5.087E-03  5.087E-03  3.410E-04  3.410E-04
    58  9.5000E+03  5.067E-03  5.067E-03  6.371E-04  6.371E-04
    59  8.0300E+03  5.051E-03  5.051E-03  3.129E-04  3.129E-04
    60  5.7000E+03  5.021E-03  5.021E-03  2.832E-04  2.832E-04
    61  3.9000E+03  5.017E-03  5.017E-03  2.570E-03  2.570E-03
    62  3.7400E+03  4.993E-03  4.993E-03  4.886E-04  4.886E-04
    63  3.0000E+03  4.981E-03  4.981E-03  5.920E-04  5.920E-04
    64  2.5000E+03  4.954E-03  4.954E-03  1.025E-03  1.025E-03
    65  2.2500E+03  4.975E-03  4.975E-03  4.814E-03  4.814E-03
    66  2.2000E+03  4.950E-03  4.950E-03  5.395E-04  5.395E-04
    67  1.8000E+03  4.931E-03  4.931E-03  7.250E-04  7.250E-04
    68  1.5500E+03  4.923E-03  4.923E-03  3.312E-03  3.312E-03
    69  1.5000E+03  4.905E-03  4.905E-03  4.092E-04  4.092E-04
    70  1.1500E+03  4.869E-03  4.869E-03  5.707E-04  5.707E-04
    71  9.5000E+02  4.842E-03  4.842E-03  3.317E-04  3.317E-04
    72  6.8300E+02  4.823E-03  4.823E-03  5.740E-03  5.740E-03
    73  6.7000E+02  4.794E-03  4.794E-03  5.577E-04  5.577E-04
    74  5.5000E+02  4.735E-03  4.735E-03  1.877E-04  1.877E-04
    75  3.0500E+02  4.671E-03  4.671E-03  1.640E-03  1.640E-03
    76  2.8500E+02  4.658E-03  4.658E-03  6.518E-04  6.518E-04
    77  2.4000E+02  4.602E-03  4.602E-03  1.288E-03  1.288E-03
    78  2.2000E+02  4.611E-03  4.611E-03  2.313E-03  2.313E-03
    79  2.0950E+02  3.835E-03  3.835E-03  1.045E-02  1.045E-02
    80  2.0740E+02  4.803E-03  4.803E-03  4.303E-03  4.303E-03
    81  2.0200E+02  4.578E-03  4.578E-03  2.493E-03  2.493E-03
    82  1.9300E+02  4.453E-03  4.453E-03  1.450E-02  1.450E-02
    83  1.9150E+02  3.679E-03  3.679E-03  6.925E-03  6.925E-03
    84  1.8850E+02  5.680E-03  5.680E-03  2.644E-02  2.644E-02
    85  1.8770E+02  4.776E-03  4.776E-03  2.720E-03  2.720E-03
    86  1.8000E+02  4.565E-03  4.565E-03  1.998E-03  1.998E-03
    87  1.7000E+02  4.527E-03  4.527E-03  6.579E-04  6.579E-04
    88  1.4300E+02  4.525E-03  4.525E-03  7.221E-04  7.221E-04
    89  1.2200E+02  4.501E-03  4.501E-03  4.626E-03  4.626E-03
    90  1.1900E+02  4.392E-03  4.392E-03  8.996E-03  8.996E-03
    91  1.1750E+02  3.674E-03  3.674E-03  7.964E-03  7.964E-03
    92  1.1600E+02  4.637E-03  4.637E-03  4.423E-03  4.423E-03
    93  1.1300E+02  4.469E-03  4.469E-03  2.560E-03  2.560E-03
    94  1.0800E+02  4.440E-03  4.440E-03  4.117E-03  4.117E-03
    95  1.0500E+02  4.058E-03  4.058E-03  3.004E-03  3.004E-03
    96  1.0120E+02  4.549E-03  4.549E-03  2.763E-03  2.763E-03
    97  9.7000E+01  4.394E-03  4.394E-03  1.565E-03  1.565E-03
    98  9.0000E+01  4.370E-03  4.370E-03  1.213E-03  1.213E-03
    99  8.1700E+01  4.121E-03  4.121E-03  5.316E-03  5.316E-03
   100  8.0000E+01  4.349E-03  4.349E-03  2.309E-03  2.309E-03
   101  7.6000E+01  4.331E-03  4.331E-03  2.199E-03  2.199E-03
   102  7.2000E+01  4.324E-03  4.324E-03  1.842E-03  1.842E-03
   103  6.7500E+01  3.850E-03  3.850E-03  2.890E-03  2.890E-03
   104  6.5000E+01  4.314E-03  4.314E-03  3.842E-03  3.842E-03
   105  6.3000E+01  4.252E-03  4.252E-03  3.737E-03  3.737E-03
   106  6.1000E+01  4.230E-03  4.230E-03  2.394E-03  2.394E-03
   107  5.8000E+01  4.201E-03  4.201E-03  1.463E-03  1.463E-03
   108  5.3400E+01  4.182E-03  4.182E-03  2.240E-03  2.240E-03
   109  5.0600E+01  4.170E-03  4.170E-03  2.567E-03  2.567E-03
   110  4.8300E+01  4.180E-03  4.180E-03  1.814E-03  1.814E-03
   111  4.5200E+01  4.166E-03  4.166E-03  4.491E-03  4.491E-03
   112  4.4000E+01  4.165E-03  4.165E-03  3.269E-03  3.269E-03
   113  4.2400E+01  4.148E-03  4.148E-03  3.619E-03  3.619E-03
   114  4.1000E+01  4.150E-03  4.150E-03  3.512E-03  3.512E-03
   115  3.9600E+01  4.090E-03  4.090E-03  9.612E-03  9.612E-03
   116  3.9100E+01  4.100E-03  4.100E-03  4.268E-03  4.268E-03
   117  3.8000E+01  4.019E-03  4.019E-03  1.234E-02  1.234E-02
   118  3.7630E+01  3.849E-03  3.849E-03  1.224E-02  1.224E-02
   119  3.7270E+01  3.480E-03  3.480E-03  2.959E-02  2.959E-02
   120  3.7130E+01  3.076E-03  3.076E-03  2.977E-02  2.977E-02
   121  3.7000E+01  3.190E-03  3.190E-03  3.688E-03  3.688E-03
   122  3.6000E+01  4.289E-03  4.289E-03  8.766E-03  8.766E-03
   123  3.5500E+01  3.904E-03  3.904E-03  8.880E-03  8.880E-03
   124  3.5000E+01  3.942E-03  3.942E-03  3.464E-03  3.464E-03
   125  3.3750E+01  3.934E-03  3.934E-03  8.436E-03  8.436E-03
   126  3.3250E+01  3.950E-03  3.950E-03  2.742E-03  2.742E-03
   127  3.1750E+01  3.952E-03  3.952E-03  7.986E-03  7.986E-03
   128  3.1250E+01  3.931E-03  3.931E-03  3.107E-03  3.107E-03
   129  3.0000E+01  3.908E-03  3.908E-03  1.445E-03  1.445E-03
   130  2.7500E+01  3.886E-03  3.886E-03  1.330E-03  1.330E-03
   131  2.5000E+01  3.870E-03  3.870E-03  1.218E-03  1.218E-03
   132  2.2500E+01  3.838E-03  3.838E-03  3.805E-03  3.805E-03
   133  2.1750E+01  3.639E-03  3.639E-03  4.863E-03  4.863E-03
   134  2.1200E+01  2.739E-03  2.739E-03  2.994E-03  2.994E-03
   135  2.0500E+01  3.659E-03  3.659E-03  5.269E-03  5.269E-03
   136  2.0000E+01  3.626E-03  3.626E-03  4.424E-03  4.424E-03
   137  1.9400E+01  3.589E-03  3.589E-03  2.856E-03  2.856E-03
   138  1.8500E+01  3.603E-03  3.603E-03  1.608E-03  1.608E-03
   139  1.7000E+01  3.562E-03  3.562E-03  2.242E-03  2.242E-03
   140  1.6000E+01  3.533E-03  3.533E-03  1.291E-03  1.291E-03
   141  1.4400E+01  3.546E-03  3.546E-03  1.241E-03  1.241E-03
   142  1.2900E+01  3.489E-03  3.489E-03  1.683E-03  1.683E-03
   143  1.1900E+01  3.461E-03  3.461E-03  3.946E-03  3.946E-03
   144  1.1500E+01  3.495E-03  3.495E-03  9.796E-04  9.796E-04
   145  1.0000E+01  3.474E-03  3.474E-03  1.448E-03  1.448E-03
   146  9.1000E+00  3.403E-03  3.403E-03  1.169E-03  1.169E-03
   147  8.1000E+00  3.404E-03  3.404E-03  1.122E-03  1.122E-03
   148  7.1500E+00  3.270E-03  3.270E-03  6.592E-03  6.592E-03
   149  7.0000E+00  3.087E-03  3.087E-03  7.420E-03  7.420E-03
   150  6.8750E+00  2.472E-03  2.472E-03  6.095E-03  6.095E-03
   151  6.7500E+00  2.277E-03  2.277E-03  2.929E-03  2.929E-03
   152  6.5000E+00  2.854E-03  2.854E-03  3.669E-03  3.669E-03
   153  6.2500E+00  3.020E-03  3.020E-03  3.798E-03  3.798E-03
   154  6.0000E+00  2.981E-03  2.981E-03  1.490E-03  1.490E-03
   155  5.4000E+00  2.913E-03  2.913E-03  2.056E-03  2.056E-03
   156  5.0000E+00  3.051E-03  3.051E-03  2.561E-03  2.561E-03
   157  4.7000E+00  3.217E-03  3.217E-03  1.167E-03  1.167E-03
   158  4.1000E+00  3.136E-03  3.136E-03  1.689E-03  1.689E-03
   159  3.7300E+00  2.888E-03  2.888E-03  2.511E-03  2.511E-03
   160  3.5000E+00  2.926E-03  2.926E-03  1.786E-03  1.786E-03
   161  3.2000E+00  3.003E-03  3.003E-03  5.044E-03  5.044E-03
   162  3.1000E+00  3.158E-03  3.158E-03  4.886E-03  4.886E-03
   163  3.0000E+00  3.282E-03  3.282E-03  1.594E-02  1.594E-02
   164  2.9700E+00  3.102E-03  3.102E-03  4.678E-03  4.678E-03
   165  2.8700E+00  3.053E-03  3.053E-03  4.518E-03  4.518E-03
   166  2.7700E+00  3.059E-03  3.059E-03  4.358E-03  4.358E-03
   167  2.6700E+00  3.066E-03  3.066E-03  4.198E-03  4.198E-03
   168  2.5700E+00  3.072E-03  3.072E-03  4.039E-03  4.039E-03
   169  2.4700E+00  3.080E-03  3.080E-03  4.320E-03  4.320E-03
   170  2.3800E+00  3.086E-03  3.086E-03  4.691E-03  4.691E-03
   171  2.3000E+00  3.093E-03  3.093E-03  4.019E-03  4.019E-03
   172  2.2100E+00  3.101E-03  3.101E-03  3.859E-03  3.859E-03
   173  2.1200E+00  3.110E-03  3.110E-03  2.749E-03  2.749E-03
   174  2.0000E+00  3.157E-03  3.157E-03  5.267E-03  5.267E-03
   175  1.9400E+00  3.173E-03  3.173E-03  3.815E-03  3.815E-03
   176  1.8600E+00  3.199E-03  3.199E-03  3.241E-03  3.241E-03
   177  1.7700E+00  3.227E-03  3.227E-03  3.081E-03  3.081E-03
   178  1.6800E+00  3.253E-03  3.253E-03  2.921E-03  2.921E-03
   179  1.5900E+00  3.276E-03  3.276E-03  2.761E-03  2.761E-03
   180  1.5000E+00  3.292E-03  3.292E-03  4.747E-03  4.747E-03
   181  1.4500E+00  3.304E-03  3.304E-03  4.587E-03  4.587E-03
   182  1.4000E+00  3.314E-03  3.314E-03  4.427E-03  4.427E-03
   183  1.3500E+00  3.324E-03  3.324E-03  4.268E-03  4.268E-03
   184  1.3000E+00  3.334E-03  3.334E-03  4.108E-03  4.108E-03
   185  1.2500E+00  3.338E-03  3.338E-03  7.978E-03  7.978E-03
   186  1.2250E+00  3.339E-03  3.339E-03  7.819E-03  7.819E-03
   187  1.2000E+00  3.338E-03  3.338E-03  7.660E-03  7.660E-03
   188  1.1750E+00  3.335E-03  3.335E-03  7.498E-03  7.498E-03
   189  1.1500E+00  3.332E-03  3.332E-03  1.845E-02  1.845E-02
   190  1.1400E+00  3.329E-03  3.329E-03  1.828E-02  1.828E-02
   191  1.1300E+00  3.324E-03  3.324E-03  1.809E-02  1.809E-02
   192  1.1200E+00  3.316E-03  3.316E-03  1.788E-02  1.788E-02
   193  1.1100E+00  3.306E-03  3.306E-03  1.766E-02  1.766E-02
   194  1.1000E+00  3.292E-03  3.292E-03  1.743E-02  1.743E-02
   195  1.0900E+00  3.276E-03  3.276E-03  1.719E-02  1.719E-02
   196  1.0800E+00  3.262E-03  3.262E-03  1.695E-02  1.695E-02
   197  1.0700E+00  3.254E-03  3.254E-03  1.675E-02  1.675E-02
   198  1.0600E+00  3.254E-03  3.254E-03  1.658E-02  1.658E-02
   199  1.0500E+00  3.264E-03  3.264E-03  1.645E-02  1.645E-02
   200  1.0400E+00  3.283E-03  3.283E-03  1.637E-02  1.637E-02
   201  1.0300E+00  3.307E-03  3.307E-03  1.631E-02  1.631E-02
   202  1.0200E+00  3.334E-03  3.334E-03  1.625E-02  1.625E-02
   203  1.0100E+00  3.359E-03  3.359E-03  1.618E-02  1.618E-02
   204  1.0000E+00  3.394E-03  3.394E-03  6.404E-03  6.404E-03
   205  9.7500E-01  3.431E-03  3.431E-03  6.278E-03  6.278E-03
   206  9.5000E-01  3.460E-03  3.460E-03  6.133E-03  6.133E-03
   207  9.2500E-01  3.488E-03  3.488E-03  5.981E-03  5.981E-03
   208  9.0000E-01  3.534E-03  3.534E-03  2.873E-03  2.873E-03
   209  8.5000E-01  3.603E-03  3.603E-03  2.713E-03  2.713E-03
   210  8.0000E-01  3.691E-03  3.691E-03  2.552E-03  2.552E-03
   211  7.5000E-01  3.809E-03  3.809E-03  2.389E-03  2.389E-03
   212  7.0000E-01  3.959E-03  3.959E-03  2.225E-03  2.225E-03
   213  6.5000E-01  4.095E-03  4.095E-03  4.206E-03  4.206E-03
   214  6.2500E-01  4.205E-03  4.205E-03  4.041E-03  4.041E-03
   215  6.0000E-01  4.399E-03  4.399E-03  1.897E-03  1.897E-03
   216  5.5000E-01  4.719E-03  4.719E-03  1.732E-03  1.732E-03
   217  5.0000E-01  5.121E-03  5.121E-03  1.567E-03  1.567E-03
   218  4.5000E-01  5.608E-03  5.608E-03  1.402E-03  1.402E-03
   219  4.0000E-01  6.015E-03  6.015E-03  2.559E-03  2.559E-03
   220  3.7500E-01  6.306E-03  6.306E-03  2.394E-03  2.394E-03
   221  3.5000E-01  6.590E-03  6.590E-03  2.228E-03  2.228E-03
   222  3.2500E-01  6.870E-03  6.870E-03  2.062E-03  2.062E-03
   223  3.0000E-01  7.193E-03  7.193E-03  1.896E-03  1.896E-03
   224  2.7500E-01  7.559E-03  7.559E-03  1.731E-03  1.731E-03
   225  2.5000E-01  7.887E-03  7.887E-03  1.567E-03  1.567E-03
   226  2.2500E-01  8.105E-03  8.105E-03  1.403E-03  1.403E-03
   227  2.0000E-01  8.131E-03  8.131E-03  1.238E-03  1.238E-03
   228  1.7500E-01  7.884E-03  7.884E-03  1.073E-03  1.073E-03
   229  1.5000E-01  7.281E-03  7.281E-03  9.079E-04  9.079E-04
   230  1.2500E-01  6.364E-03  6.364E-03  7.423E-04  7.423E-04
   231  1.0000E-01  5.516E-03  5.516E-03  1.573E-03  1.573E-03
   232  9.0000E-02  4.889E-03  4.889E-03  1.408E-03  1.408E-03
   233  8.0000E-02  4.186E-03  4.186E-03  1.244E-03  1.244E-03
   234  7.0000E-02  3.453E-03  3.453E-03  1.079E-03  1.079E-03
   235  6.0000E-02  2.712E-03  2.712E-03  9.135E-04  9.135E-04
   236  5.0000E-02  1.982E-03  1.982E-03  7.476E-04  7.476E-04
   237  4.0000E-02  1.289E-03  1.289E-03  5.808E-04  5.808E-04
   238  3.0000E-02  8.585E-04  8.585E-04  9.819E-04  9.819E-04
   239  2.5300E-02  3.416E-04  3.416E-04  1.805E-04  1.805E-04
   240  1.0000E-02  9.296E-05  9.296E-05  5.829E-04  5.829E-04
   241  7.5000E-03  4.821E-05  4.821E-05  4.136E-04  4.136E-04
   242  5.0000E-03  2.539E-05  2.539E-05  7.517E-04  7.517E-04
   243  4.0000E-03  1.550E-05  1.550E-05  5.830E-04  5.830E-04
   244  3.0000E-03  9.771E-06  9.771E-06  9.194E-04  9.194E-04
   245  2.5000E-03  6.641E-06  6.641E-06  7.508E-04  7.508E-04
   246  2.0000E-03  3.840E-06  3.840E-06  5.825E-04  5.825E-04
   247  1.5000E-03  1.892E-06  1.892E-06  7.518E-04  7.518E-04
   248  1.2000E-03  1.097E-06  1.097E-06  9.202E-04  9.202E-04
   249  1.0000E-03  5.764E-07  5.764E-07  5.833E-04  5.833E-04
   250  7.5000E-04  2.392E-07  2.392E-07  4.139E-04  4.139E-04
   251  5.0000E-04  2.036E-08  2.036E-08  1.046E-04  1.046E-04
   252  1.0000E-04  4.462E-11  4.462E-11  7.421E-05  7.421E-05

